 -0.46375546E-01  0.39821332E-01  0.93985858E-04  0.50577557E-03  0.11073301E-02  0.11262205E-02  0.88180386E-03  0.11262205E-02  0.11073301E-02  0.50577557E-03  0.93985858E-04  0.56981361E-05  0.88022337E-07
  0.88022337E-07 -0.40030331E-01  0.33570015E-01  0.50577557E-03  0.11073301E-02  0.11262205E-02  0.88180386E-03  0.11262205E-02  0.11073301E-02  0.50577557E-03  0.93985858E-04  0.56981361E-05  0.88022337E-07
  0.88022337E-07  0.56981361E-05 -0.33616967E-01  0.27656729E-01  0.11073301E-02  0.11262205E-02  0.88180386E-03  0.11262205E-02  0.11073301E-02  0.50577557E-03  0.93985858E-04  0.56981361E-05  0.88022337E-07
  0.88022337E-07  0.56981361E-05  0.93985858E-04 -0.26912357E-01  0.21965462E-01  0.11262205E-02  0.88180386E-03  0.11262205E-02  0.11073301E-02  0.50577557E-03  0.93985858E-04  0.56981361E-05  0.88022337E-07
  0.88022337E-07  0.56981361E-05  0.93985858E-04  0.50577557E-03 -0.20116875E-01  0.15790425E-01  0.88180386E-03  0.11262205E-02  0.11073301E-02  0.50577557E-03  0.93985858E-04  0.56981361E-05  0.88022337E-07
  0.88022337E-07  0.56981361E-05  0.93985858E-04  0.50577557E-03  0.11073301E-02 -0.14823780E-01  0.10271804E-01  0.11262205E-02  0.11073301E-02  0.50577557E-03  0.93985858E-04  0.56981361E-05  0.88022337E-07
  0.88022337E-07  0.56981361E-05  0.93985858E-04  0.50577557E-03  0.11073301E-02  0.11262205E-02 -0.56781963E-02  0.11262205E-02  0.11073301E-02  0.50577557E-03  0.93985858E-04  0.56981361E-05  0.88022337E-07
  0.88022337E-07  0.56981361E-05  0.93985858E-04  0.50577557E-03  0.11073301E-02  0.11262205E-02  0.10271804E-01 -0.14823780E-01  0.11073301E-02  0.50577557E-03  0.93985858E-04  0.56981361E-05  0.88022337E-07
  0.88022337E-07  0.56981361E-05  0.93985858E-04  0.50577557E-03  0.11073301E-02  0.11262205E-02  0.88180386E-03  0.15790425E-01 -0.20116875E-01  0.50577557E-03  0.93985858E-04  0.56981361E-05  0.88022337E-07
  0.88022337E-07  0.56981361E-05  0.93985858E-04  0.50577557E-03  0.11073301E-02  0.11262205E-02  0.88180386E-03  0.11262205E-02  0.21965462E-01 -0.26912357E-01  0.93985858E-04  0.56981361E-05  0.88022337E-07
  0.88022337E-07  0.56981361E-05  0.93985858E-04  0.50577557E-03  0.11073301E-02  0.11262205E-02  0.88180386E-03  0.11262205E-02  0.11073301E-02  0.27656729E-01 -0.33616967E-01  0.56981361E-05  0.88022337E-07
  0.88022337E-07  0.56981361E-05  0.93985858E-04  0.50577557E-03  0.11073301E-02  0.11262205E-02  0.88180386E-03  0.11262205E-02  0.11073301E-02  0.50577557E-03  0.33570015E-01 -0.40030331E-01  0.88022337E-07
  0.88022337E-07  0.56981361E-05  0.93985858E-04  0.50577557E-03  0.11073301E-02  0.11262205E-02  0.88180386E-03  0.11262205E-02  0.11073301E-02  0.50577557E-03  0.93985858E-04  0.39821332E-01 -0.46375546E-01
