  0.95442475E+00  0.38544958E-01  0.58274460E-03  0.50378747E-03  0.11024782E-02  0.11255634E-02  0.88755769E-03  0.11255634E-02  0.11024752E-02  0.50154653E-03  0.92875049E-04  0.56144519E-05  0.86503350E-07
  0.86503350E-07  0.96056667E+00  0.32651650E-01  0.83666384E-03  0.11036511E-02  0.11255645E-02  0.88755769E-03  0.11255634E-02  0.11024752E-02  0.50154653E-03  0.92875049E-04  0.56144519E-05  0.86503350E-07
  0.86503350E-07  0.56144519E-05  0.96680569E+00  0.27034868E-01  0.13119398E-02  0.11260793E-02  0.88755800E-03  0.11255634E-02  0.11024752E-02  0.50154653E-03  0.92875049E-04  0.56144519E-05  0.86503350E-07
  0.86503350E-07  0.56144519E-05  0.92875049E-04  0.97336404E+00  0.21582458E-01  0.12390325E-02  0.88773640E-03  0.11255634E-02  0.11024752E-02  0.50154653E-03  0.92875049E-04  0.56144519E-05  0.86503350E-07
  0.86503350E-07  0.56144519E-05  0.92875049E-04  0.50154653E-03  0.98004660E+00  0.15586299E-01  0.93881836E-03  0.11255634E-02  0.11024752E-02  0.50154653E-03  0.92875049E-04  0.56144519E-05  0.86503350E-07
  0.86503350E-07  0.56144519E-05  0.92875049E-04  0.50154653E-03  0.11024752E-02  0.98527071E+00  0.10198530E-01  0.11255634E-02  0.11024752E-02  0.50154653E-03  0.92875049E-04  0.56144519E-05  0.86503350E-07
  0.86503350E-07  0.56144519E-05  0.92875049E-04  0.50154653E-03  0.11024752E-02  0.11255634E-02  0.99434368E+00  0.11255634E-02  0.11024752E-02  0.50154653E-03  0.92875049E-04  0.56144519E-05  0.86503350E-07
  0.86503350E-07  0.56144519E-05  0.92875049E-04  0.50154653E-03  0.11024752E-02  0.11255634E-02  0.10198530E-01  0.98527071E+00  0.11024752E-02  0.50154653E-03  0.92875049E-04  0.56144519E-05  0.86503350E-07
  0.86503350E-07  0.56144519E-05  0.92875049E-04  0.50154653E-03  0.11024752E-02  0.11255634E-02  0.93881836E-03  0.15586299E-01  0.98004660E+00  0.50154653E-03  0.92875049E-04  0.56144519E-05  0.86503350E-07
  0.86503350E-07  0.56144519E-05  0.92875049E-04  0.50154653E-03  0.11024752E-02  0.11255634E-02  0.88773640E-03  0.12390325E-02  0.21582458E-01  0.97336404E+00  0.92875049E-04  0.56144519E-05  0.86503350E-07
  0.86503350E-07  0.56144519E-05  0.92875049E-04  0.50154653E-03  0.11024752E-02  0.11255634E-02  0.88755800E-03  0.11260793E-02  0.13119398E-02  0.27034868E-01  0.96680569E+00  0.56144519E-05  0.86503350E-07
  0.86503350E-07  0.56144519E-05  0.92875049E-04  0.50154653E-03  0.11024752E-02  0.11255634E-02  0.88755769E-03  0.11255645E-02  0.11036511E-02  0.83666384E-03  0.32651650E-01  0.96056667E+00  0.86503350E-07
  0.86503350E-07  0.56144519E-05  0.92875049E-04  0.50154653E-03  0.11024752E-02  0.11255634E-02  0.88755769E-03  0.11255634E-02  0.11024782E-02  0.50378747E-03  0.58274460E-03  0.38544958E-01  0.95442475E+00
