  0.98840611E+00  0.99553329E-02  0.23496464E-04  0.12644389E-03  0.27683251E-03  0.28155513E-03  0.22045096E-03  0.28155513E-03  0.27683251E-03  0.12644389E-03  0.23496464E-04  0.14245340E-05  0.22005584E-07
  0.22005584E-07  0.98999242E+00  0.83925038E-02  0.12644389E-03  0.27683251E-03  0.28155513E-03  0.22045096E-03  0.28155513E-03  0.27683251E-03  0.12644389E-03  0.23496464E-04  0.14245340E-05  0.22005584E-07
  0.22005584E-07  0.14245340E-05  0.99159576E+00  0.69141822E-02  0.27683251E-03  0.28155513E-03  0.22045096E-03  0.28155513E-03  0.27683251E-03  0.12644389E-03  0.23496464E-04  0.14245340E-05  0.22005584E-07
  0.22005584E-07  0.14245340E-05  0.23496464E-04  0.99327191E+00  0.54913655E-02  0.28155513E-03  0.22045096E-03  0.28155513E-03  0.27683251E-03  0.12644389E-03  0.23496464E-04  0.14245340E-05  0.22005584E-07
  0.22005584E-07  0.14245340E-05  0.23496464E-04  0.12644389E-03  0.99497078E+00  0.39476063E-02  0.22045096E-03  0.28155513E-03  0.27683251E-03  0.12644389E-03  0.23496464E-04  0.14245340E-05  0.22005584E-07
  0.22005584E-07  0.14245340E-05  0.23496464E-04  0.12644389E-03  0.27683251E-03  0.99629406E+00  0.25679510E-02  0.28155513E-03  0.27683251E-03  0.12644389E-03  0.23496464E-04  0.14245340E-05  0.22005584E-07
  0.22005584E-07  0.14245340E-05  0.23496464E-04  0.12644389E-03  0.27683251E-03  0.28155513E-03  0.99858045E+00  0.28155513E-03  0.27683251E-03  0.12644389E-03  0.23496464E-04  0.14245340E-05  0.22005584E-07
  0.22005584E-07  0.14245340E-05  0.23496464E-04  0.12644389E-03  0.27683251E-03  0.28155513E-03  0.25679510E-02  0.99629406E+00  0.27683251E-03  0.12644389E-03  0.23496464E-04  0.14245340E-05  0.22005584E-07
  0.22005584E-07  0.14245340E-05  0.23496464E-04  0.12644389E-03  0.27683251E-03  0.28155513E-03  0.22045096E-03  0.39476063E-02  0.99497078E+00  0.12644389E-03  0.23496464E-04  0.14245340E-05  0.22005584E-07
  0.22005584E-07  0.14245340E-05  0.23496464E-04  0.12644389E-03  0.27683251E-03  0.28155513E-03  0.22045096E-03  0.28155513E-03  0.54913655E-02  0.99327191E+00  0.23496464E-04  0.14245340E-05  0.22005584E-07
  0.22005584E-07  0.14245340E-05  0.23496464E-04  0.12644389E-03  0.27683251E-03  0.28155513E-03  0.22045096E-03  0.28155513E-03  0.27683251E-03  0.69141822E-02  0.99159576E+00  0.14245340E-05  0.22005584E-07
  0.22005584E-07  0.14245340E-05  0.23496464E-04  0.12644389E-03  0.27683251E-03  0.28155513E-03  0.22045096E-03  0.28155513E-03  0.27683251E-03  0.12644389E-03  0.83925038E-02  0.98999242E+00  0.22005584E-07
  0.22005584E-07  0.14245340E-05  0.23496464E-04  0.12644389E-03  0.27683251E-03  0.28155513E-03  0.22045096E-03  0.28155513E-03  0.27683251E-03  0.12644389E-03  0.23496464E-04  0.99553329E-02  0.98840611E+00
