  0.45768073E-07
  0.34807482E-07
  0.34774697E-05
  0.17368787E-05
  0.34807482E-07
  0.26446813E-05
  0.70681371E-04
  0.13196849E-03
  0.45768073E-07
  0.26446813E-05
  0.53754515E-04
  0.51480776E-03
  0.26823277E-02
  0.34774697E-05
  0.53754515E-04
  0.17639997E-02
  0.39152100E-03
  0.19536734E-01
  0.33244328E-02
  0.70681371E-04
  0.39152100E-03
  0.13415550E-02
  0.12758574E-01
  0.66943031E-01
  0.33244328E-02
  0.25282938E-02
  0.13415550E-02
  0.51480776E-03
  0.12616080E+00
  0.97031357E-02
  0.17639997E-02
  0.25282938E-02
  0.48418239E+00
  0.25282938E-02
  0.17639997E-02
  0.97031357E-02
  0.12616080E+00
  0.51480776E-03
  0.13415550E-02
  0.25282938E-02
  0.33244328E-02
  0.66943031E-01
  0.12758574E-01
  0.13415550E-02
  0.39152100E-03
  0.70681371E-04
  0.33244328E-02
  0.19536734E-01
  0.39152100E-03
  0.17639997E-02
  0.53754515E-04
  0.34774697E-05
  0.26823277E-02
  0.51480776E-03
  0.53754515E-04
  0.26446813E-05
  0.45768073E-07
  0.13196849E-03
  0.70681371E-04
  0.26446813E-05
  0.34807482E-07
  0.17368787E-05
  0.34774697E-05
  0.34807482E-07
  0.45768073E-07
