 -0.90999664E+01
 -0.77235767E+01
 -0.73869871E+01
 -0.72634031E+01
 -0.68032294E+01
 -0.60105974E+01
 -0.58300976E+01
 -0.55504238E+01
 -0.54268397E+01
 -0.50902501E+01
 -0.44537079E+01
 -0.44489568E+01
 -0.39935342E+01
 -0.37138604E+01
 -0.35333605E+01
 -0.32728987E+01
 -0.30725671E+01
 -0.26123935E+01
 -0.23531632E+01
 -0.21569708E+01
 -0.21522198E+01
 -0.18965090E+01
 -0.18365634E+01
 -0.14363354E+01
 -0.13199635E+01
 -0.97677353E+00
 -0.97616170E+00
 -0.77583010E+00
 -0.51659987E+00
 -0.46017366E+00
 -0.40022801E+00
 -0.56426215E-01
  0.00000000E+00
  0.56426215E-01
  0.40022801E+00
  0.46017366E+00
  0.51659987E+00
  0.77583010E+00
  0.97616170E+00
  0.97677353E+00
  0.13199635E+01
  0.14363354E+01
  0.18365634E+01
  0.18965090E+01
  0.21522198E+01
  0.21569708E+01
  0.23531632E+01
  0.26123935E+01
  0.30725671E+01
  0.32728987E+01
  0.35333605E+01
  0.37138604E+01
  0.39935342E+01
  0.44489568E+01
  0.44537079E+01
  0.50902501E+01
  0.54268397E+01
  0.55504238E+01
  0.58300976E+01
  0.60105974E+01
  0.68032294E+01
  0.72634031E+01
  0.73869871E+01
  0.77235767E+01
  0.90999664E+01
