 -0.27743118E-01  0.22507317E-01  0.96067639E-03  0.61889510E-03  0.28401524E-03  0.82769526E-04  0.18890383E-04  0.82769526E-04  0.28401524E-03  0.61889510E-03  0.96067639E-03  0.92281878E-03  0.40137983E-03
  0.40137983E-03 -0.24311256E-01  0.19634751E-01  0.61889510E-03  0.28401524E-03  0.82769526E-04  0.18890383E-04  0.82769526E-04  0.28401524E-03  0.61889510E-03  0.96067639E-03  0.92281878E-03  0.40137983E-03
  0.40137983E-03  0.92281878E-03 -0.21412226E-01  0.16431797E-01  0.28401524E-03  0.82769526E-04  0.18890383E-04  0.82769526E-04  0.28401524E-03  0.61889510E-03  0.96067639E-03  0.92281878E-03  0.40137983E-03
  0.40137983E-03  0.92281878E-03  0.96067639E-03 -0.18998739E-01  0.13341650E-01  0.82769526E-04  0.18890383E-04  0.82769526E-04  0.28401524E-03  0.61889510E-03  0.96067639E-03  0.92281878E-03  0.40137983E-03
  0.40137983E-03  0.92281878E-03  0.96067639E-03  0.61889510E-03 -0.16875236E-01  0.10682021E-01  0.18890383E-04  0.82769526E-04  0.28401524E-03  0.61889510E-03  0.96067639E-03  0.92281878E-03  0.40137983E-03
  0.40137983E-03  0.92281878E-03  0.96067639E-03  0.61889510E-03  0.28401524E-03 -0.15867231E-01  0.94088906E-02  0.82769526E-04  0.28401524E-03  0.61889510E-03  0.96067639E-03  0.92281878E-03  0.40137983E-03
  0.40137983E-03  0.92281878E-03  0.96067639E-03  0.61889510E-03  0.28401524E-03  0.82769526E-04 -0.65411097E-02  0.82769526E-04  0.28401524E-03  0.61889510E-03  0.96067639E-03  0.92281878E-03  0.40137983E-03
  0.40137983E-03  0.92281878E-03  0.96067639E-03  0.61889510E-03  0.28401524E-03  0.82769526E-04  0.94088906E-02 -0.15867231E-01  0.28401524E-03  0.61889510E-03  0.96067639E-03  0.92281878E-03  0.40137983E-03
  0.40137983E-03  0.92281878E-03  0.96067639E-03  0.61889510E-03  0.28401524E-03  0.82769526E-04  0.18890383E-04  0.10682021E-01 -0.16875236E-01  0.61889510E-03  0.96067639E-03  0.92281878E-03  0.40137983E-03
  0.40137983E-03  0.92281878E-03  0.96067639E-03  0.61889510E-03  0.28401524E-03  0.82769526E-04  0.18890383E-04  0.82769526E-04  0.13341650E-01 -0.18998739E-01  0.96067639E-03  0.92281878E-03  0.40137983E-03
  0.40137983E-03  0.92281878E-03  0.96067639E-03  0.61889510E-03  0.28401524E-03  0.82769526E-04  0.18890383E-04  0.82769526E-04  0.28401524E-03  0.16431797E-01 -0.21412226E-01  0.92281878E-03  0.40137983E-03
  0.40137983E-03  0.92281878E-03  0.96067639E-03  0.61889510E-03  0.28401524E-03  0.82769526E-04  0.18890383E-04  0.82769526E-04  0.28401524E-03  0.61889510E-03  0.19634751E-01 -0.24311256E-01  0.40137983E-03
  0.40137983E-03  0.92281878E-03  0.96067639E-03  0.61889510E-03  0.28401524E-03  0.82769526E-04  0.18890383E-04  0.82769526E-04  0.28401524E-03  0.61889510E-03  0.96067639E-03  0.22507317E-01 -0.27743118E-01
