  0.99306422E+00  0.56268292E-02  0.24016910E-03  0.15472378E-03  0.71003810E-04  0.20692382E-04  0.47225958E-05  0.20692382E-04  0.71003810E-04  0.15472378E-03  0.24016910E-03  0.23070470E-03  0.10034496E-03
  0.10034496E-03  0.99392219E+00  0.49086878E-02  0.15472378E-03  0.71003810E-04  0.20692382E-04  0.47225958E-05  0.20692382E-04  0.71003810E-04  0.15472378E-03  0.24016910E-03  0.23070470E-03  0.10034496E-03
  0.10034496E-03  0.23070470E-03  0.99464694E+00  0.41079493E-02  0.71003810E-04  0.20692382E-04  0.47225958E-05  0.20692382E-04  0.71003810E-04  0.15472378E-03  0.24016910E-03  0.23070470E-03  0.10034496E-03
  0.10034496E-03  0.23070470E-03  0.24016910E-03  0.99525032E+00  0.33354124E-02  0.20692382E-04  0.47225958E-05  0.20692382E-04  0.71003810E-04  0.15472378E-03  0.24016910E-03  0.23070470E-03  0.10034496E-03
  0.10034496E-03  0.23070470E-03  0.24016910E-03  0.15472378E-03  0.99578119E+00  0.26705051E-02  0.47225958E-05  0.20692382E-04  0.71003810E-04  0.15472378E-03  0.24016910E-03  0.23070470E-03  0.10034496E-03
  0.10034496E-03  0.23070470E-03  0.24016910E-03  0.15472378E-03  0.71003810E-04  0.99603319E+00  0.23522227E-02  0.20692382E-04  0.71003810E-04  0.15472378E-03  0.24016910E-03  0.23070470E-03  0.10034496E-03
  0.10034496E-03  0.23070470E-03  0.24016910E-03  0.15472378E-03  0.71003810E-04  0.20692382E-04  0.99836472E+00  0.20692382E-04  0.71003810E-04  0.15472378E-03  0.24016910E-03  0.23070470E-03  0.10034496E-03
  0.10034496E-03  0.23070470E-03  0.24016910E-03  0.15472378E-03  0.71003810E-04  0.20692382E-04  0.23522227E-02  0.99603319E+00  0.71003810E-04  0.15472378E-03  0.24016910E-03  0.23070470E-03  0.10034496E-03
  0.10034496E-03  0.23070470E-03  0.24016910E-03  0.15472378E-03  0.71003810E-04  0.20692382E-04  0.47225958E-05  0.26705051E-02  0.99578119E+00  0.15472378E-03  0.24016910E-03  0.23070470E-03  0.10034496E-03
  0.10034496E-03  0.23070470E-03  0.24016910E-03  0.15472378E-03  0.71003810E-04  0.20692382E-04  0.47225958E-05  0.20692382E-04  0.33354124E-02  0.99525032E+00  0.24016910E-03  0.23070470E-03  0.10034496E-03
  0.10034496E-03  0.23070470E-03  0.24016910E-03  0.15472378E-03  0.71003810E-04  0.20692382E-04  0.47225958E-05  0.20692382E-04  0.71003810E-04  0.41079493E-02  0.99464694E+00  0.23070470E-03  0.10034496E-03
  0.10034496E-03  0.23070470E-03  0.24016910E-03  0.15472378E-03  0.71003810E-04  0.20692382E-04  0.47225958E-05  0.20692382E-04  0.71003810E-04  0.15472378E-03  0.49086878E-02  0.99392219E+00  0.10034496E-03
  0.10034496E-03  0.23070470E-03  0.24016910E-03  0.15472378E-03  0.71003810E-04  0.20692382E-04  0.47225958E-05  0.20692382E-04  0.71003810E-04  0.15472378E-03  0.24016910E-03  0.56268292E-02  0.99306422E+00
