  0.97254832E+00  0.22072664E-01  0.11083168E-02  0.62042682E-03  0.28521754E-03  0.83403781E-04  0.19428214E-04  0.83403781E-04  0.28521721E-03  0.62003083E-03  0.95906768E-03  0.91734303E-03  0.39716343E-03
  0.39716343E-03  0.97592105E+00  0.19301744E-01  0.72952788E-03  0.28545693E-03  0.83403940E-04  0.19428214E-04  0.83403781E-04  0.28521721E-03  0.62003083E-03  0.95906768E-03  0.91734303E-03  0.39716343E-03
  0.39716343E-03  0.91734303E-03  0.97877317E+00  0.16185242E-01  0.36188544E-03  0.83539922E-04  0.19428295E-04  0.83403781E-04  0.28521721E-03  0.62003083E-03  0.95906768E-03  0.91734303E-03  0.39716343E-03
  0.39716343E-03  0.91734303E-03  0.95906768E-03  0.98114624E+00  0.13163597E-01  0.13484912E-03  0.19509138E-04  0.83403781E-04  0.28521721E-03  0.62003083E-03  0.95906768E-03  0.91734303E-03  0.39716343E-03
  0.39716343E-03  0.91734303E-03  0.95906768E-03  0.62003083E-03  0.98323607E+00  0.10551599E-01  0.56504489E-04  0.83403781E-04  0.28521721E-03  0.62003083E-03  0.95906768E-03  0.91734303E-03  0.39716343E-03
  0.39716343E-03  0.91734303E-03  0.95906768E-03  0.62003083E-03  0.28521721E-03  0.98422855E+00  0.93304008E-02  0.83403781E-04  0.28521721E-03  0.62003083E-03  0.95906768E-03  0.91734303E-03  0.39716343E-03
  0.39716343E-03  0.91734303E-03  0.95906768E-03  0.62003083E-03  0.28521721E-03  0.83403781E-04  0.99347555E+00  0.83403781E-04  0.28521721E-03  0.62003083E-03  0.95906768E-03  0.91734303E-03  0.39716343E-03
  0.39716343E-03  0.91734303E-03  0.95906768E-03  0.62003083E-03  0.28521721E-03  0.83403781E-04  0.93304008E-02  0.98422855E+00  0.28521721E-03  0.62003083E-03  0.95906768E-03  0.91734303E-03  0.39716343E-03
  0.39716343E-03  0.91734303E-03  0.95906768E-03  0.62003083E-03  0.28521721E-03  0.83403781E-04  0.56504489E-04  0.10551599E-01  0.98323607E+00  0.62003083E-03  0.95906768E-03  0.91734303E-03  0.39716343E-03
  0.39716343E-03  0.91734303E-03  0.95906768E-03  0.62003083E-03  0.28521721E-03  0.83403781E-04  0.19509138E-04  0.13484912E-03  0.13163597E-01  0.98114624E+00  0.95906768E-03  0.91734303E-03  0.39716343E-03
  0.39716343E-03  0.91734303E-03  0.95906768E-03  0.62003083E-03  0.28521721E-03  0.83403781E-04  0.19428295E-04  0.83539922E-04  0.36188544E-03  0.16185242E-01  0.97877317E+00  0.91734303E-03  0.39716343E-03
  0.39716343E-03  0.91734303E-03  0.95906768E-03  0.62003083E-03  0.28521721E-03  0.83403781E-04  0.19428214E-04  0.83403940E-04  0.28545693E-03  0.72952788E-03  0.19301744E-01  0.97592105E+00  0.39716343E-03
  0.39716343E-03  0.91734303E-03  0.95906768E-03  0.62003083E-03  0.28521721E-03  0.83403781E-04  0.19428214E-04  0.83403781E-04  0.28521754E-03  0.62042682E-03  0.11083168E-02  0.22072664E-01  0.97254832E+00
