  0.30820461E-03
  0.10539550E-02
  0.61152641E-03
  0.12421934E-01
  0.18076742E-02
  0.61152641E-03
  0.21388707E-02
  0.19853092E-02
  0.14314173E-02
  0.41602485E-02
  0.14314173E-02
  0.19853092E-02
  0.20912125E-02
  0.21388707E-02
  0.42478794E-01
  0.20912125E-02
  0.18076742E-02
  0.35867100E-02
  0.30820461E-03
  0.72856828E-01
  0.35867100E-02
  0.42438558E-02
  0.10539550E-02
  0.86205429E-01
  0.39391656E-02
  0.28401571E-02
  0.82545873E-02
  0.28401571E-02
  0.39391656E-02
  0.42438558E-02
  0.80016259E-01
  0.57692101E-01
  0.16767540E+00
  0.57692101E-01
  0.80016259E-01
  0.42438558E-02
  0.39391656E-02
  0.28401571E-02
  0.82545873E-02
  0.28401571E-02
  0.39391656E-02
  0.86205429E-01
  0.10539550E-02
  0.42438558E-02
  0.35867100E-02
  0.72856828E-01
  0.30820461E-03
  0.35867100E-02
  0.18076742E-02
  0.20912125E-02
  0.42478794E-01
  0.21388707E-02
  0.20912125E-02
  0.19853092E-02
  0.14314173E-02
  0.41602485E-02
  0.14314173E-02
  0.19853092E-02
  0.21388707E-02
  0.61152641E-03
  0.18076742E-02
  0.12421934E-01
  0.61152641E-03
  0.10539550E-02
  0.30820461E-03
