 -0.50814698E+01
 -0.37708593E+01
 -0.32444728E+01
 -0.30126590E+01
 -0.29150078E+01
 -0.27808453E+01
 -0.24125200E+01
 -0.21653520E+01
 -0.20798250E+01
 -0.20688108E+01
 -0.20577965E+01
 -0.19722696E+01
 -0.19338623E+01
 -0.17251016E+01
 -0.17020486E+01
 -0.14702348E+01
 -0.12226138E+01
 -0.10780108E+01
 -0.94384827E+00
 -0.84619699E+00
 -0.61438322E+00
 -0.57552299E+00
 -0.36676220E+00
 -0.34370922E+00
 -0.32835497E+00
 -0.24282800E+00
 -0.23181377E+00
 -0.22079955E+00
 -0.13527258E+00
 -0.11189544E+00
 -0.96541196E-01
 -0.11014223E-01
  0.00000000E+00
  0.11014223E-01
  0.96541196E-01
  0.11189544E+00
  0.13527258E+00
  0.22079955E+00
  0.23181377E+00
  0.24282800E+00
  0.32835497E+00
  0.34370922E+00
  0.36676220E+00
  0.57552299E+00
  0.61438322E+00
  0.84619699E+00
  0.94384827E+00
  0.10780108E+01
  0.12226138E+01
  0.14702348E+01
  0.17020486E+01
  0.17251016E+01
  0.19338623E+01
  0.19722696E+01
  0.20577965E+01
  0.20688108E+01
  0.20798250E+01
  0.21653520E+01
  0.24125200E+01
  0.27808453E+01
  0.29150078E+01
  0.30126590E+01
  0.32444728E+01
  0.37708593E+01
  0.50814698E+01
