  0.73540574E+00  0.14711315E-02  0.25485967E-02  0.24798595E+00  0.19595408E-02  0.12905963E-02  0.19595408E-02  0.27992851E-02  0.25485967E-02  0.14711315E-02  0.55989780E-03
  0.55989780E-03  0.76909933E+00  0.25485967E-02  0.27992851E-02  0.21436385E+00  0.12905963E-02  0.19595408E-02  0.27992851E-02  0.25485967E-02  0.14711315E-02  0.55989780E-03
  0.55989780E-03  0.14711315E-02  0.75432862E+00  0.27992851E-02  0.23021202E+00  0.12905963E-02  0.19595408E-02  0.27992851E-02  0.25485967E-02  0.14711315E-02  0.55989780E-03
  0.55989780E-03  0.14711315E-02  0.25485967E-02  0.79243178E+00  0.19595408E-02  0.19169060E+00  0.19595408E-02  0.27992851E-02  0.25485967E-02  0.14711315E-02  0.55989780E-03
  0.55989780E-03  0.14711315E-02  0.25485967E-02  0.27992851E-02  0.79159204E+00  0.19169060E+00  0.19595408E-02  0.27992851E-02  0.25485967E-02  0.14711315E-02  0.55989780E-03
  0.55989780E-03  0.14711315E-02  0.25485967E-02  0.27992851E-02  0.19595408E-02  0.98132310E+00  0.19595408E-02  0.27992851E-02  0.25485967E-02  0.14711315E-02  0.55989780E-03
  0.55989780E-03  0.14711315E-02  0.25485967E-02  0.27992851E-02  0.19595408E-02  0.19169060E+00  0.79159204E+00  0.27992851E-02  0.25485967E-02  0.14711315E-02  0.55989780E-03
  0.55989780E-03  0.14711315E-02  0.25485967E-02  0.27992851E-02  0.19595408E-02  0.19169060E+00  0.19595408E-02  0.79243178E+00  0.25485967E-02  0.14711315E-02  0.55989780E-03
  0.55989780E-03  0.14711315E-02  0.25485967E-02  0.27992851E-02  0.19595408E-02  0.12905963E-02  0.23021202E+00  0.27992851E-02  0.75432862E+00  0.14711315E-02  0.55989780E-03
  0.55989780E-03  0.14711315E-02  0.25485967E-02  0.27992851E-02  0.19595408E-02  0.12905963E-02  0.21436385E+00  0.27992851E-02  0.25485967E-02  0.76909933E+00  0.55989780E-03
  0.55989780E-03  0.14711315E-02  0.25485967E-02  0.27992851E-02  0.19595408E-02  0.12905963E-02  0.19595408E-02  0.24798595E+00  0.25485967E-02  0.14711315E-02  0.73540574E+00
