  0.29309414E+00  0.41327151E-02  0.69878423E-02  0.44362103E+00  0.95761150E-02  0.21167636E+00  0.95761150E-02  0.87192756E-02  0.69878423E-02  0.41327151E-02  0.14958565E-02
  0.14958565E-02  0.35135187E+00  0.69878423E-02  0.87192756E-02  0.41072352E+00  0.18980984E+00  0.95761150E-02  0.87192756E-02  0.69878423E-02  0.41327151E-02  0.14958565E-02
  0.14958565E-02  0.41327151E-02  0.32640859E+00  0.87192756E-02  0.42779532E+00  0.20053644E+00  0.95761150E-02  0.87192756E-02  0.69878423E-02  0.41327151E-02  0.14958565E-02
  0.14958565E-02  0.41327151E-02  0.69878423E-02  0.39749582E+00  0.95761150E-02  0.54939985E+00  0.95761150E-02  0.87192756E-02  0.69878423E-02  0.41327151E-02  0.14958565E-02
  0.14958565E-02  0.41327151E-02  0.69878423E-02  0.87192756E-02  0.39835265E+00  0.54939985E+00  0.95761150E-02  0.87192756E-02  0.69878423E-02  0.41327151E-02  0.14958565E-02
  0.14958565E-02  0.41327151E-02  0.69878423E-02  0.87192756E-02  0.95761150E-02  0.93817639E+00  0.95761150E-02  0.87192756E-02  0.69878423E-02  0.41327151E-02  0.14958565E-02
  0.14958565E-02  0.41327151E-02  0.69878423E-02  0.87192756E-02  0.95761150E-02  0.54939985E+00  0.39835265E+00  0.87192756E-02  0.69878423E-02  0.41327151E-02  0.14958565E-02
  0.14958565E-02  0.41327151E-02  0.69878423E-02  0.87192756E-02  0.95761150E-02  0.54939985E+00  0.95761150E-02  0.39749582E+00  0.69878423E-02  0.41327151E-02  0.14958565E-02
  0.14958565E-02  0.41327151E-02  0.69878423E-02  0.87192756E-02  0.95761150E-02  0.20053644E+00  0.42779532E+00  0.87192756E-02  0.32640859E+00  0.41327151E-02  0.14958565E-02
  0.14958565E-02  0.41327151E-02  0.69878423E-02  0.87192756E-02  0.95761150E-02  0.18980984E+00  0.41072352E+00  0.87192756E-02  0.69878423E-02  0.35135187E+00  0.14958565E-02
  0.14958565E-02  0.41327151E-02  0.69878423E-02  0.87192756E-02  0.95761150E-02  0.21167636E+00  0.95761150E-02  0.44362103E+00  0.69878423E-02  0.41327151E-02  0.29309414E+00
