  0.99410228E+00  0.48052433E-02  0.17285851E-03  0.76399573E-04  0.21029868E-04  0.43829776E-05  0.21029868E-04  0.76399573E-04  0.17285851E-03  0.26602970E-03  0.28149088E-03
  0.28149088E-03  0.99477035E+00  0.40285341E-02  0.76399573E-04  0.21029868E-04  0.43829776E-05  0.21029868E-04  0.76399573E-04  0.17285851E-03  0.26602970E-03  0.28149088E-03
  0.28149088E-03  0.26602970E-03  0.99533311E+00  0.32761511E-02  0.21029868E-04  0.43829776E-05  0.21029868E-04  0.76399573E-04  0.17285851E-03  0.26602970E-03  0.28149088E-03
  0.28149088E-03  0.26602970E-03  0.17285851E-03  0.99581588E+00  0.26415471E-02  0.43829776E-05  0.21029868E-04  0.76399573E-04  0.17285851E-03  0.26602970E-03  0.28149088E-03
  0.28149088E-03  0.26602970E-03  0.17285851E-03  0.76399573E-04  0.99603353E+00  0.23518830E-02  0.21029868E-04  0.76399573E-04  0.17285851E-03  0.26602970E-03  0.28149088E-03
  0.28149088E-03  0.26602970E-03  0.17285851E-03  0.76399573E-04  0.21029868E-04  0.99836438E+00  0.21029868E-04  0.76399573E-04  0.17285851E-03  0.26602970E-03  0.28149088E-03
  0.28149088E-03  0.26602970E-03  0.17285851E-03  0.76399573E-04  0.21029868E-04  0.23518830E-02  0.99603353E+00  0.76399573E-04  0.17285851E-03  0.26602970E-03  0.28149088E-03
  0.28149088E-03  0.26602970E-03  0.17285851E-03  0.76399573E-04  0.21029868E-04  0.43829776E-05  0.26415471E-02  0.99581588E+00  0.17285851E-03  0.26602970E-03  0.28149088E-03
  0.28149088E-03  0.26602970E-03  0.17285851E-03  0.76399573E-04  0.21029868E-04  0.43829776E-05  0.21029868E-04  0.32761511E-02  0.99533311E+00  0.26602970E-03  0.28149088E-03
  0.28149088E-03  0.26602970E-03  0.17285851E-03  0.76399573E-04  0.21029868E-04  0.43829776E-05  0.21029868E-04  0.76399573E-04  0.40285341E-02  0.99477035E+00  0.28149088E-03
  0.28149088E-03  0.26602970E-03  0.17285851E-03  0.76399573E-04  0.21029868E-04  0.43829776E-05  0.21029868E-04  0.76399573E-04  0.17285851E-03  0.48052433E-02  0.99410228E+00
