  0.97662687E+00  0.18903726E-01  0.79641979E-03  0.30718529E-03  0.84818247E-04  0.18082778E-04  0.84818100E-04  0.30696245E-03  0.69256232E-03  0.10629857E-02  0.11155701E-02
  0.11155701E-02  0.97926083E+00  0.15877399E-01  0.38026713E-03  0.84946819E-04  0.18082854E-04  0.84818100E-04  0.30696245E-03  0.69256232E-03  0.10629857E-02  0.11155701E-02
  0.11155701E-02  0.10629857E-02  0.98147364E+00  0.12932052E-01  0.13469012E-03  0.18161223E-04  0.84818100E-04  0.30696245E-03  0.69256232E-03  0.10629857E-02  0.11155701E-02
  0.11155701E-02  0.10629857E-02  0.69256232E-03  0.98337350E+00  0.10437737E-01  0.54749866E-04  0.84818100E-04  0.30696245E-03  0.69256232E-03  0.10629857E-02  0.11155701E-02
  0.11155701E-02  0.10629857E-02  0.69256232E-03  0.30696245E-03  0.98422997E+00  0.93290554E-02  0.84818100E-04  0.30696245E-03  0.69256232E-03  0.10629857E-02  0.11155701E-02
  0.11155701E-02  0.10629857E-02  0.69256232E-03  0.30696245E-03  0.84818100E-04  0.99347420E+00  0.84818100E-04  0.30696245E-03  0.69256232E-03  0.10629857E-02  0.11155701E-02
  0.11155701E-02  0.10629857E-02  0.69256232E-03  0.30696245E-03  0.84818100E-04  0.93290554E-02  0.98422997E+00  0.30696245E-03  0.69256232E-03  0.10629857E-02  0.11155701E-02
  0.11155701E-02  0.10629857E-02  0.69256232E-03  0.30696245E-03  0.84818100E-04  0.54749866E-04  0.10437737E-01  0.98337350E+00  0.69256232E-03  0.10629857E-02  0.11155701E-02
  0.11155701E-02  0.10629857E-02  0.69256232E-03  0.30696245E-03  0.84818100E-04  0.18161223E-04  0.13469012E-03  0.12932052E-01  0.98147364E+00  0.10629857E-02  0.11155701E-02
  0.11155701E-02  0.10629857E-02  0.69256232E-03  0.30696245E-03  0.84818100E-04  0.18082854E-04  0.84946819E-04  0.38026713E-03  0.15877399E-01  0.97926083E+00  0.11155701E-02
  0.11155701E-02  0.10629857E-02  0.69256232E-03  0.30696245E-03  0.84818100E-04  0.18082778E-04  0.84818247E-04  0.30718529E-03  0.79641979E-03  0.18903726E-01  0.97662687E+00
