  0.96192547E-04
  0.18166740E-03
  0.28840260E-03
  0.22014713E-03
  0.20320060E-03
  0.14467400E-03
  0.41983014E-03
  0.14467400E-03
  0.20320060E-03
  0.54467161E-03
  0.46773029E-03
  0.22014713E-03
  0.66004078E-03
  0.18166740E-03
  0.71829113E-03
  0.60923203E-03
  0.43375874E-03
  0.12587264E-02
  0.43375874E-03
  0.88334646E-03
  0.60923203E-03
  0.66004078E-03
  0.12230236E-02
  0.10704518E-02
  0.96192547E-04
  0.39967201E-01
  0.13565508E-02
  0.98805030E-03
  0.54467161E-03
  0.70346837E-03
  0.20413980E-02
  0.70346837E-03
  0.12230236E-02
  0.98805030E-03
  0.10704518E-02
  0.16438875E-02
  0.23097789E-02
  0.71829113E-03
  0.15173440E-02
  0.75481290E-01
  0.10803129E-02
  0.31349650E-02
  0.10803129E-02
  0.15173440E-02
  0.28840260E-03
  0.88334646E-03
  0.23097789E-02
  0.27990228E-02
  0.16438875E-02
  0.25835590E-02
  0.91469297E-01
  0.18394327E-02
  0.53378580E-02
  0.18394327E-02
  0.46773029E-03
  0.25835590E-02
  0.84428155E-01
  0.27990228E-02
  0.13565508E-02
  0.60110842E-01
  0.17443592E+00
  0.60110842E-01
  0.13565508E-02
  0.27990228E-02
  0.84428155E-01
  0.25835590E-02
  0.46773029E-03
  0.18394327E-02
  0.53378580E-02
  0.18394327E-02
  0.91469297E-01
  0.25835590E-02
  0.16438875E-02
  0.27990228E-02
  0.23097789E-02
  0.88334646E-03
  0.28840260E-03
  0.15173440E-02
  0.10803129E-02
  0.31349650E-02
  0.10803129E-02
  0.75481290E-01
  0.15173440E-02
  0.71829113E-03
  0.23097789E-02
  0.16438875E-02
  0.10704518E-02
  0.98805030E-03
  0.12230236E-02
  0.70346837E-03
  0.20413980E-02
  0.70346837E-03
  0.54467161E-03
  0.98805030E-03
  0.13565508E-02
  0.39967201E-01
  0.96192547E-04
  0.10704518E-02
  0.12230236E-02
  0.66004078E-03
  0.60923203E-03
  0.88334646E-03
  0.43375874E-03
  0.12587264E-02
  0.43375874E-03
  0.60923203E-03
  0.71829113E-03
  0.18166740E-03
  0.66004078E-03
  0.22014713E-03
  0.46773029E-03
  0.54467161E-03
  0.20320060E-03
  0.14467400E-03
  0.41983014E-03
  0.14467400E-03
  0.20320060E-03
  0.22014713E-03
  0.28840260E-03
  0.18166740E-03
  0.96192547E-04
