 -0.58636420E+01
 -0.48549507E+01
 -0.46671185E+01
 -0.42815720E+01
 -0.40113148E+01
 -0.39234211E+01
 -0.39131990E+01
 -0.39029768E+01
 -0.38150831E+01
 -0.36584273E+01
 -0.36475267E+01
 -0.35448259E+01
 -0.30850485E+01
 -0.29714472E+01
 -0.28248425E+01
 -0.28147914E+01
 -0.27268976E+01
 -0.27166755E+01
 -0.27064533E+01
 -0.26388354E+01
 -0.26185596E+01
 -0.23483024E+01
 -0.22318805E+01
 -0.20654567E+01
 -0.19627559E+01
 -0.19504430E+01
 -0.18161512E+01
 -0.17951995E+01
 -0.17749237E+01
 -0.17073058E+01
 -0.16970837E+01
 -0.16868615E+01
 -0.16690055E+01
 -0.15989678E+01
 -0.13287106E+01
 -0.12427725E+01
 -0.12231893E+01
 -0.10760435E+01
 -0.97251537E+00
 -0.94175176E+00
 -0.88462163E+00
 -0.87439948E+00
 -0.86417733E+00
 -0.77628359E+00
 -0.76623248E+00
 -0.75533190E+00
 -0.66031423E+00
 -0.64981058E+00
 -0.50602644E+00
 -0.37955342E+00
 -0.36837304E+00
 -0.29165968E+00
 -0.28143753E+00
 -0.27121538E+00
 -0.25335935E+00
 -0.18332165E+00
 -0.98115886E-01
 -0.86935510E-01
 -0.67352282E-01
 -0.10222149E-01
  0.00000000E+00
  0.10222149E-01
  0.67352282E-01
  0.86935510E-01
  0.98115886E-01
  0.18332165E+00
  0.25335935E+00
  0.27121538E+00
  0.28143753E+00
  0.29165968E+00
  0.36837304E+00
  0.37955342E+00
  0.50602644E+00
  0.64981058E+00
  0.66031423E+00
  0.75533190E+00
  0.76623248E+00
  0.77628359E+00
  0.86417733E+00
  0.87439948E+00
  0.88462163E+00
  0.94175176E+00
  0.97251537E+00
  0.10760435E+01
  0.12231893E+01
  0.12427725E+01
  0.13287106E+01
  0.15989678E+01
  0.16690055E+01
  0.16868615E+01
  0.16970837E+01
  0.17073058E+01
  0.17749237E+01
  0.17951995E+01
  0.18161512E+01
  0.19504430E+01
  0.19627559E+01
  0.20654567E+01
  0.22318805E+01
  0.23483024E+01
  0.26185596E+01
  0.26388354E+01
  0.27064533E+01
  0.27166755E+01
  0.27268976E+01
  0.28147914E+01
  0.28248425E+01
  0.29714472E+01
  0.30850485E+01
  0.35448259E+01
  0.36475267E+01
  0.36584273E+01
  0.38150831E+01
  0.39029768E+01
  0.39131990E+01
  0.39234211E+01
  0.40113148E+01
  0.42815720E+01
  0.46671185E+01
  0.48549507E+01
  0.58636420E+01
