  0.29730853E-03
  0.12166043E-02
  0.23534500E-03
  0.12023424E-01
  0.31196532E-02
  0.96304578E-03
  0.23534500E-03
  0.13447715E-01
  0.49200570E-01
  0.24694709E-02
  0.96304578E-03
  0.29730853E-03
  0.31196532E-02
  0.12616158E+00
  0.10645011E-01
  0.24694709E-02
  0.12166043E-02
  0.54383769E+00
  0.12166043E-02
  0.24694709E-02
  0.10645011E-01
  0.12616158E+00
  0.31196532E-02
  0.29730853E-03
  0.96304578E-03
  0.24694709E-02
  0.49200570E-01
  0.13447715E-01
  0.23534500E-03
  0.96304578E-03
  0.31196532E-02
  0.12023424E-01
  0.23534500E-03
  0.12166043E-02
  0.29730853E-03
