 -0.47633677E+01
 -0.36228334E+01
 -0.35508367E+01
 -0.29276837E+01
 -0.26042910E+01
 -0.24103023E+01
 -0.23045307E+01
 -0.18356841E+01
 -0.17871493E+01
 -0.13917599E+01
 -0.11639963E+01
 -0.10919996E+01
 -0.10670771E+01
 -0.76860695E+00
 -0.62315299E+00
 -0.14545396E+00
 -0.48534745E-01
  0.00000000E+00
  0.48534745E-01
  0.14545396E+00
  0.62315299E+00
  0.76860695E+00
  0.10670771E+01
  0.10919996E+01
  0.11639963E+01
  0.13917599E+01
  0.17871493E+01
  0.18356841E+01
  0.23045307E+01
  0.24103023E+01
  0.26042910E+01
  0.29276837E+01
  0.35508367E+01
  0.36228334E+01
  0.47633677E+01
