 -0.85261838E+00  0.25021881E-01  0.15130249E-01  0.77298180E+00  0.13081276E-02  0.00000000E+00  0.15130249E-01  0.13044285E-02  0.00000000E+00  0.00000000E+00  0.00000000E+00  0.19113863E-01  0.13081276E-02  0.00000000E+00  0.00000000E+00  0.00000000E+00  0.91831100E-03  0.00000000E+00  0.00000000E+00  0.00000000E+00  0.00000000E+00  0.00000000E+00  0.00000000E+00  0.40134724E-03  0.00000000E+00  0.00000000E+00  0.00000000E+00  0.00000000E+00  0.00000000E+00  0.00000000E+00  0.00000000E+00  0.00000000E+00  0.00000000E+00  0.00000000E+00  0.00000000E+00
  0.40134724E-03 -0.84447368E+00  0.00000000E+00  0.00000000E+00  0.17783959E-01  0.15130249E-01  0.00000000E+00  0.13044285E-02  0.77298180E+00  0.00000000E+00  0.15130249E-01  0.00000000E+00  0.13081276E-02  0.00000000E+00  0.00000000E+00  0.00000000E+00  0.91831100E-03  0.00000000E+00  0.19113863E-01  0.00000000E+00  0.00000000E+00  0.00000000E+00  0.00000000E+00  0.40134724E-03  0.00000000E+00  0.00000000E+00  0.00000000E+00  0.00000000E+00  0.00000000E+00  0.00000000E+00  0.00000000E+00  0.00000000E+00  0.00000000E+00  0.00000000E+00  0.00000000E+00
  0.19113863E-01  0.00000000E+00 -0.85660199E+00  0.77298180E+00  0.00000000E+00  0.25021881E-01  0.15130249E-01  0.00000000E+00  0.00000000E+00  0.13081276E-02  0.00000000E+00  0.19113863E-01  0.00000000E+00  0.00000000E+00  0.13044285E-02  0.00000000E+00  0.00000000E+00  0.00000000E+00  0.00000000E+00  0.13081276E-02  0.00000000E+00  0.00000000E+00  0.00000000E+00  0.00000000E+00  0.91831100E-03  0.00000000E+00  0.00000000E+00  0.00000000E+00  0.40134724E-03  0.00000000E+00  0.00000000E+00  0.00000000E+00  0.00000000E+00  0.00000000E+00  0.00000000E+00
  0.19113863E-01  0.00000000E+00  0.15130249E-01 -0.98750446E-01  0.00000000E+00  0.00000000E+00  0.15130249E-01  0.00000000E+00  0.25021881E-01  0.00000000E+00  0.00000000E+00  0.19113863E-01  0.00000000E+00  0.13081276E-02  0.00000000E+00  0.00000000E+00  0.00000000E+00  0.13044285E-02  0.00000000E+00  0.00000000E+00  0.00000000E+00  0.13081276E-02  0.00000000E+00  0.00000000E+00  0.00000000E+00  0.00000000E+00  0.91831100E-03  0.00000000E+00  0.00000000E+00  0.00000000E+00  0.00000000E+00  0.40134724E-03  0.00000000E+00  0.00000000E+00  0.00000000E+00
  0.40134724E-03  0.91831100E-03  0.00000000E+00  0.00000000E+00 -0.83699803E+00  0.00000000E+00  0.00000000E+00  0.10694429E-01  0.00000000E+00  0.15130249E-01  0.00000000E+00  0.00000000E+00  0.13081276E-02  0.77298180E+00  0.00000000E+00  0.15130249E-01  0.91831100E-03  0.00000000E+00  0.00000000E+00  0.00000000E+00  0.00000000E+00  0.00000000E+00  0.19113863E-01  0.40134724E-03  0.00000000E+00  0.00000000E+00  0.00000000E+00  0.00000000E+00  0.00000000E+00  0.00000000E+00  0.00000000E+00  0.00000000E+00  0.00000000E+00  0.00000000E+00  0.00000000E+00
  0.00000000E+00  0.19113863E-01  0.40134724E-03  0.00000000E+00  0.00000000E+00 -0.84845729E+00  0.00000000E+00  0.00000000E+00  0.77298180E+00  0.17783959E-01  0.15130249E-01  0.00000000E+00  0.00000000E+00  0.00000000E+00  0.13044285E-02  0.00000000E+00  0.00000000E+00  0.00000000E+00  0.19113863E-01  0.13081276E-02  0.00000000E+00  0.00000000E+00  0.00000000E+00  0.00000000E+00  0.91831100E-03  0.00000000E+00  0.00000000E+00  0.00000000E+00  0.40134724E-03  0.00000000E+00  0.00000000E+00  0.00000000E+00  0.00000000E+00  0.00000000E+00  0.00000000E+00
  0.19113863E-01  0.00000000E+00  0.15130249E-01  0.77298180E+00  0.00000000E+00  0.00000000E+00 -0.85660199E+00  0.00000000E+00  0.00000000E+00  0.00000000E+00  0.25021881E-01  0.19113863E-01  0.00000000E+00  0.00000000E+00  0.00000000E+00  0.13081276E-02  0.00000000E+00  0.00000000E+00  0.00000000E+00  0.00000000E+00  0.13044285E-02  0.00000000E+00  0.00000000E+00  0.00000000E+00  0.00000000E+00  0.13081276E-02  0.00000000E+00  0.00000000E+00  0.00000000E+00  0.91831100E-03  0.00000000E+00  0.00000000E+00  0.40134724E-03  0.00000000E+00  0.00000000E+00
  0.40134724E-03  0.91831100E-03  0.00000000E+00  0.00000000E+00  0.13081276E-02  0.00000000E+00  0.00000000E+00 -0.82761173E+00  0.00000000E+00  0.00000000E+00  0.00000000E+00  0.00000000E+00  0.13081276E-02  0.00000000E+00  0.15130249E-01  0.00000000E+00  0.91831100E-03  0.77298180E+00  0.00000000E+00  0.00000000E+00  0.15130249E-01  0.00000000E+00  0.00000000E+00  0.40134724E-03  0.00000000E+00  0.00000000E+00  0.00000000E+00  0.19113863E-01  0.00000000E+00  0.00000000E+00  0.00000000E+00  0.00000000E+00  0.00000000E+00  0.00000000E+00  0.00000000E+00
  0.00000000E+00  0.19113863E-01  0.00000000E+00  0.40134724E-03  0.00000000E+00  0.15130249E-01  0.00000000E+00  0.00000000E+00 -0.90605744E-01  0.00000000E+00  0.15130249E-01  0.00000000E+00  0.00000000E+00  0.17783959E-01  0.00000000E+00  0.00000000E+00  0.00000000E+00  0.13044285E-02  0.19113863E-01  0.00000000E+00  0.00000000E+00  0.13081276E-02  0.00000000E+00  0.00000000E+00  0.00000000E+00  0.00000000E+00  0.91831100E-03  0.00000000E+00  0.00000000E+00  0.00000000E+00  0.00000000E+00  0.40134724E-03  0.00000000E+00  0.00000000E+00  0.00000000E+00
  0.00000000E+00  0.00000000E+00  0.40134724E-03  0.00000000E+00  0.19113863E-01  0.91831100E-03  0.00000000E+00  0.00000000E+00  0.00000000E+00 -0.84098164E+00  0.00000000E+00  0.00000000E+00  0.00000000E+00  0.77298180E+00  0.10694429E-01  0.15130249E-01  0.00000000E+00  0.00000000E+00  0.00000000E+00  0.13081276E-02  0.00000000E+00  0.00000000E+00  0.19113863E-01  0.00000000E+00  0.91831100E-03  0.00000000E+00  0.00000000E+00  0.00000000E+00  0.40134724E-03  0.00000000E+00  0.00000000E+00  0.00000000E+00  0.00000000E+00  0.00000000E+00  0.00000000E+00
  0.00000000E+00  0.19113863E-01  0.00000000E+00  0.00000000E+00  0.00000000E+00  0.15130249E-01  0.40134724E-03  0.00000000E+00  0.77298180E+00  0.00000000E+00 -0.84845729E+00  0.00000000E+00  0.00000000E+00  0.00000000E+00  0.00000000E+00  0.17783959E-01  0.00000000E+00  0.00000000E+00  0.19113863E-01  0.00000000E+00  0.13044285E-02  0.00000000E+00  0.00000000E+00  0.00000000E+00  0.00000000E+00  0.13081276E-02  0.00000000E+00  0.00000000E+00  0.00000000E+00  0.91831100E-03  0.00000000E+00  0.00000000E+00  0.40134724E-03  0.00000000E+00  0.00000000E+00
  0.19113863E-01  0.00000000E+00  0.15130249E-01  0.77298180E+00  0.00000000E+00  0.00000000E+00  0.15130249E-01  0.00000000E+00  0.00000000E+00  0.00000000E+00  0.00000000E+00 -0.85261838E+00  0.00000000E+00  0.00000000E+00  0.00000000E+00  0.00000000E+00  0.00000000E+00  0.00000000E+00  0.25021881E-01  0.00000000E+00  0.00000000E+00  0.00000000E+00  0.13081276E-02  0.00000000E+00  0.00000000E+00  0.00000000E+00  0.00000000E+00  0.13044285E-02  0.00000000E+00  0.00000000E+00  0.13081276E-02  0.00000000E+00  0.00000000E+00  0.91831100E-03  0.40134724E-03
  0.40134724E-03  0.91831100E-03  0.00000000E+00  0.00000000E+00  0.13081276E-02  0.00000000E+00  0.00000000E+00  0.10694429E-01  0.00000000E+00  0.00000000E+00  0.00000000E+00  0.00000000E+00 -0.83699803E+00  0.00000000E+00  0.00000000E+00  0.00000000E+00  0.91831100E-03  0.00000000E+00  0.00000000E+00  0.15130249E-01  0.00000000E+00  0.77298180E+00  0.00000000E+00  0.40134724E-03  0.00000000E+00  0.15130249E-01  0.00000000E+00  0.00000000E+00  0.00000000E+00  0.00000000E+00  0.19113863E-01  0.00000000E+00  0.00000000E+00  0.00000000E+00  0.00000000E+00
  0.00000000E+00  0.00000000E+00  0.00000000E+00  0.40134724E-03  0.19113863E-01  0.00000000E+00  0.00000000E+00  0.00000000E+00  0.91831100E-03  0.15130249E-01  0.00000000E+00  0.00000000E+00  0.00000000E+00 -0.83130096E-01  0.00000000E+00  0.15130249E-01  0.00000000E+00  0.10694429E-01  0.00000000E+00  0.00000000E+00  0.00000000E+00  0.13081276E-02  0.19113863E-01  0.00000000E+00  0.00000000E+00  0.00000000E+00  0.91831100E-03  0.00000000E+00  0.00000000E+00  0.00000000E+00  0.00000000E+00  0.40134724E-03  0.00000000E+00  0.00000000E+00  0.00000000E+00
  0.00000000E+00  0.00000000E+00  0.40134724E-03  0.00000000E+00  0.00000000E+00  0.91831100E-03  0.00000000E+00  0.19113863E-01  0.00000000E+00  0.13081276E-02  0.00000000E+00  0.00000000E+00  0.00000000E+00  0.00000000E+00 -0.83159534E+00  0.00000000E+00  0.00000000E+00  0.77298180E+00  0.00000000E+00  0.13081276E-02  0.15130249E-01  0.00000000E+00  0.00000000E+00  0.00000000E+00  0.91831100E-03  0.00000000E+00  0.00000000E+00  0.19113863E-01  0.40134724E-03  0.00000000E+00  0.00000000E+00  0.00000000E+00  0.00000000E+00  0.00000000E+00  0.00000000E+00
  0.00000000E+00  0.00000000E+00  0.00000000E+00  0.00000000E+00  0.19113863E-01  0.00000000E+00  0.40134724E-03  0.00000000E+00  0.00000000E+00  0.15130249E-01  0.91831100E-03  0.00000000E+00  0.00000000E+00  0.77298180E+00  0.00000000E+00 -0.84098164E+00  0.00000000E+00  0.00000000E+00  0.00000000E+00  0.00000000E+00  0.10694429E-01  0.00000000E+00  0.19113863E-01  0.00000000E+00  0.00000000E+00  0.13081276E-02  0.00000000E+00  0.00000000E+00  0.00000000E+00  0.91831100E-03  0.00000000E+00  0.00000000E+00  0.40134724E-03  0.00000000E+00  0.00000000E+00
  0.40134724E-03  0.91831100E-03  0.00000000E+00  0.00000000E+00  0.13081276E-02  0.00000000E+00  0.00000000E+00  0.13044285E-02  0.00000000E+00  0.00000000E+00  0.00000000E+00  0.00000000E+00  0.17783959E-01  0.00000000E+00  0.00000000E+00  0.00000000E+00 -0.84447368E+00  0.00000000E+00  0.00000000E+00  0.00000000E+00  0.00000000E+00  0.00000000E+00  0.00000000E+00  0.40134724E-03  0.15130249E-01  0.00000000E+00  0.77298180E+00  0.00000000E+00  0.00000000E+00  0.15130249E-01  0.00000000E+00  0.00000000E+00  0.00000000E+00  0.19113863E-01  0.00000000E+00
  0.00000000E+00  0.00000000E+00  0.00000000E+00  0.40134724E-03  0.00000000E+00  0.00000000E+00  0.00000000E+00  0.19113863E-01  0.91831100E-03  0.00000000E+00  0.00000000E+00  0.00000000E+00  0.00000000E+00  0.13081276E-02  0.15130249E-01  0.00000000E+00  0.00000000E+00 -0.73743794E-01  0.00000000E+00  0.00000000E+00  0.15130249E-01  0.13081276E-02  0.00000000E+00  0.00000000E+00  0.00000000E+00  0.00000000E+00  0.91831100E-03  0.19113863E-01  0.00000000E+00  0.00000000E+00  0.00000000E+00  0.40134724E-03  0.00000000E+00  0.00000000E+00  0.00000000E+00
  0.00000000E+00  0.19113863E-01  0.00000000E+00  0.00000000E+00  0.00000000E+00  0.15130249E-01  0.00000000E+00  0.00000000E+00  0.77298180E+00  0.00000000E+00  0.15130249E-01  0.40134724E-03  0.00000000E+00  0.00000000E+00  0.00000000E+00  0.00000000E+00  0.00000000E+00  0.00000000E+00 -0.84447368E+00  0.00000000E+00  0.00000000E+00  0.00000000E+00  0.17783959E-01  0.00000000E+00  0.00000000E+00  0.00000000E+00  0.00000000E+00  0.13044285E-02  0.00000000E+00  0.00000000E+00  0.13081276E-02  0.00000000E+00  0.00000000E+00  0.91831100E-03  0.40134724E-03
  0.00000000E+00  0.00000000E+00  0.40134724E-03  0.00000000E+00  0.00000000E+00  0.91831100E-03  0.00000000E+00  0.00000000E+00  0.00000000E+00  0.13081276E-02  0.00000000E+00  0.00000000E+00  0.19113863E-01  0.00000000E+00  0.10694429E-01  0.00000000E+00  0.00000000E+00  0.00000000E+00  0.00000000E+00 -0.84098164E+00  0.00000000E+00  0.77298180E+00  0.00000000E+00  0.00000000E+00  0.91831100E-03  0.15130249E-01  0.00000000E+00  0.00000000E+00  0.40134724E-03  0.00000000E+00  0.19113863E-01  0.00000000E+00  0.00000000E+00  0.00000000E+00  0.00000000E+00
  0.00000000E+00  0.00000000E+00  0.00000000E+00  0.00000000E+00  0.00000000E+00  0.00000000E+00  0.40134724E-03  0.19113863E-01  0.00000000E+00  0.00000000E+00  0.91831100E-03  0.00000000E+00  0.00000000E+00  0.00000000E+00  0.15130249E-01  0.13081276E-02  0.00000000E+00  0.77298180E+00  0.00000000E+00  0.00000000E+00 -0.83159534E+00  0.00000000E+00  0.00000000E+00  0.00000000E+00  0.00000000E+00  0.13081276E-02  0.00000000E+00  0.19113863E-01  0.00000000E+00  0.91831100E-03  0.00000000E+00  0.00000000E+00  0.40134724E-03  0.00000000E+00  0.00000000E+00
  0.00000000E+00  0.00000000E+00  0.00000000E+00  0.40134724E-03  0.00000000E+00  0.00000000E+00  0.00000000E+00  0.00000000E+00  0.91831100E-03  0.00000000E+00  0.00000000E+00  0.00000000E+00  0.19113863E-01  0.13081276E-02  0.00000000E+00  0.00000000E+00  0.00000000E+00  0.10694429E-01  0.00000000E+00  0.15130249E-01  0.00000000E+00 -0.83130096E-01  0.00000000E+00  0.00000000E+00  0.00000000E+00  0.15130249E-01  0.91831100E-03  0.00000000E+00  0.00000000E+00  0.00000000E+00  0.19113863E-01  0.40134724E-03  0.00000000E+00  0.00000000E+00  0.00000000E+00
  0.00000000E+00  0.00000000E+00  0.00000000E+00  0.00000000E+00  0.19113863E-01  0.00000000E+00  0.00000000E+00  0.00000000E+00  0.00000000E+00  0.15130249E-01  0.00000000E+00  0.40134724E-03  0.00000000E+00  0.77298180E+00  0.00000000E+00  0.15130249E-01  0.00000000E+00  0.00000000E+00  0.91831100E-03  0.00000000E+00  0.00000000E+00  0.00000000E+00 -0.83699803E+00  0.00000000E+00  0.00000000E+00  0.00000000E+00  0.00000000E+00  0.10694429E-01  0.00000000E+00  0.00000000E+00  0.13081276E-02  0.00000000E+00  0.00000000E+00  0.91831100E-03  0.40134724E-03
  0.40134724E-03  0.91831100E-03  0.00000000E+00  0.00000000E+00  0.13081276E-02  0.00000000E+00  0.00000000E+00  0.13044285E-02  0.00000000E+00  0.00000000E+00  0.00000000E+00  0.00000000E+00  0.13081276E-02  0.00000000E+00  0.00000000E+00  0.00000000E+00  0.25021881E-01  0.00000000E+00  0.00000000E+00  0.00000000E+00  0.00000000E+00  0.00000000E+00  0.00000000E+00 -0.85261838E+00  0.00000000E+00  0.00000000E+00  0.00000000E+00  0.00000000E+00  0.15130249E-01  0.00000000E+00  0.00000000E+00  0.77298180E+00  0.15130249E-01  0.00000000E+00  0.19113863E-01
  0.00000000E+00  0.00000000E+00  0.40134724E-03  0.00000000E+00  0.00000000E+00  0.91831100E-03  0.00000000E+00  0.00000000E+00  0.00000000E+00  0.13081276E-02  0.00000000E+00  0.00000000E+00  0.00000000E+00  0.00000000E+00  0.13044285E-02  0.00000000E+00  0.19113863E-01  0.00000000E+00  0.00000000E+00  0.17783959E-01  0.00000000E+00  0.00000000E+00  0.00000000E+00  0.00000000E+00 -0.84845729E+00  0.00000000E+00  0.77298180E+00  0.00000000E+00  0.40134724E-03  0.15130249E-01  0.00000000E+00  0.00000000E+00  0.00000000E+00  0.19113863E-01  0.00000000E+00
  0.00000000E+00  0.00000000E+00  0.00000000E+00  0.00000000E+00  0.00000000E+00  0.00000000E+00  0.40134724E-03  0.00000000E+00  0.00000000E+00  0.00000000E+00  0.91831100E-03  0.00000000E+00  0.19113863E-01  0.00000000E+00  0.00000000E+00  0.13081276E-02  0.00000000E+00  0.00000000E+00  0.00000000E+00  0.15130249E-01  0.10694429E-01  0.77298180E+00  0.00000000E+00  0.00000000E+00  0.00000000E+00 -0.84098164E+00  0.00000000E+00  0.00000000E+00  0.00000000E+00  0.91831100E-03  0.19113863E-01  0.00000000E+00  0.40134724E-03  0.00000000E+00  0.00000000E+00
  0.00000000E+00  0.00000000E+00  0.00000000E+00  0.40134724E-03  0.00000000E+00  0.00000000E+00  0.00000000E+00  0.00000000E+00  0.91831100E-03  0.00000000E+00  0.00000000E+00  0.00000000E+00  0.00000000E+00  0.13081276E-02  0.00000000E+00  0.00000000E+00  0.19113863E-01  0.13044285E-02  0.00000000E+00  0.00000000E+00  0.00000000E+00  0.17783959E-01  0.00000000E+00  0.00000000E+00  0.15130249E-01  0.00000000E+00 -0.90605744E-01  0.00000000E+00  0.00000000E+00  0.15130249E-01  0.00000000E+00  0.40134724E-03  0.00000000E+00  0.19113863E-01  0.00000000E+00
  0.00000000E+00  0.00000000E+00  0.00000000E+00  0.00000000E+00  0.00000000E+00  0.00000000E+00  0.00000000E+00  0.19113863E-01  0.00000000E+00  0.00000000E+00  0.00000000E+00  0.40134724E-03  0.00000000E+00  0.00000000E+00  0.15130249E-01  0.00000000E+00  0.00000000E+00  0.77298180E+00  0.91831100E-03  0.00000000E+00  0.15130249E-01  0.00000000E+00  0.13081276E-02  0.00000000E+00  0.00000000E+00  0.00000000E+00  0.00000000E+00 -0.82761173E+00  0.00000000E+00  0.00000000E+00  0.13081276E-02  0.00000000E+00  0.00000000E+00  0.91831100E-03  0.40134724E-03
  0.00000000E+00  0.00000000E+00  0.40134724E-03  0.00000000E+00  0.00000000E+00  0.91831100E-03  0.00000000E+00  0.00000000E+00  0.00000000E+00  0.13081276E-02  0.00000000E+00  0.00000000E+00  0.00000000E+00  0.00000000E+00  0.13044285E-02  0.00000000E+00  0.00000000E+00  0.00000000E+00  0.00000000E+00  0.13081276E-02  0.00000000E+00  0.00000000E+00  0.00000000E+00  0.19113863E-01  0.25021881E-01  0.00000000E+00  0.00000000E+00  0.00000000E+00 -0.85660199E+00  0.00000000E+00  0.00000000E+00  0.77298180E+00  0.15130249E-01  0.00000000E+00  0.19113863E-01
  0.00000000E+00  0.00000000E+00  0.00000000E+00  0.00000000E+00  0.00000000E+00  0.00000000E+00  0.40134724E-03  0.00000000E+00  0.00000000E+00  0.00000000E+00  0.91831100E-03  0.00000000E+00  0.00000000E+00  0.00000000E+00  0.00000000E+00  0.13081276E-02  0.19113863E-01  0.00000000E+00  0.00000000E+00  0.00000000E+00  0.13044285E-02  0.00000000E+00  0.00000000E+00  0.00000000E+00  0.15130249E-01  0.17783959E-01  0.77298180E+00  0.00000000E+00  0.00000000E+00 -0.84845729E+00  0.00000000E+00  0.00000000E+00  0.40134724E-03  0.19113863E-01  0.00000000E+00
  0.00000000E+00  0.00000000E+00  0.00000000E+00  0.00000000E+00  0.00000000E+00  0.00000000E+00  0.00000000E+00  0.00000000E+00  0.00000000E+00  0.00000000E+00  0.00000000E+00  0.40134724E-03  0.19113863E-01  0.00000000E+00  0.00000000E+00  0.00000000E+00  0.00000000E+00  0.00000000E+00  0.91831100E-03  0.15130249E-01  0.00000000E+00  0.77298180E+00  0.13081276E-02  0.00000000E+00  0.00000000E+00  0.15130249E-01  0.00000000E+00  0.10694429E-01  0.00000000E+00  0.00000000E+00 -0.83699803E+00  0.00000000E+00  0.00000000E+00  0.91831100E-03  0.40134724E-03
  0.00000000E+00  0.00000000E+00  0.00000000E+00  0.40134724E-03  0.00000000E+00  0.00000000E+00  0.00000000E+00  0.00000000E+00  0.91831100E-03  0.00000000E+00  0.00000000E+00  0.00000000E+00  0.00000000E+00  0.13081276E-02  0.00000000E+00  0.00000000E+00  0.00000000E+00  0.13044285E-02  0.00000000E+00  0.00000000E+00  0.00000000E+00  0.13081276E-02  0.00000000E+00  0.19113863E-01  0.00000000E+00  0.00000000E+00  0.25021881E-01  0.00000000E+00  0.15130249E-01  0.00000000E+00  0.00000000E+00 -0.98750446E-01  0.15130249E-01  0.00000000E+00  0.19113863E-01
  0.00000000E+00  0.00000000E+00  0.00000000E+00  0.00000000E+00  0.00000000E+00  0.00000000E+00  0.40134724E-03  0.00000000E+00  0.00000000E+00  0.00000000E+00  0.91831100E-03  0.00000000E+00  0.00000000E+00  0.00000000E+00  0.00000000E+00  0.13081276E-02  0.00000000E+00  0.00000000E+00  0.00000000E+00  0.00000000E+00  0.13044285E-02  0.00000000E+00  0.00000000E+00  0.19113863E-01  0.00000000E+00  0.13081276E-02  0.00000000E+00  0.00000000E+00  0.15130249E-01  0.25021881E-01  0.00000000E+00  0.77298180E+00 -0.85660199E+00  0.00000000E+00  0.19113863E-01
  0.00000000E+00  0.00000000E+00  0.00000000E+00  0.00000000E+00  0.00000000E+00  0.00000000E+00  0.00000000E+00  0.00000000E+00  0.00000000E+00  0.00000000E+00  0.00000000E+00  0.40134724E-03  0.00000000E+00  0.00000000E+00  0.00000000E+00  0.00000000E+00  0.19113863E-01  0.00000000E+00  0.91831100E-03  0.00000000E+00  0.00000000E+00  0.00000000E+00  0.13081276E-02  0.00000000E+00  0.15130249E-01  0.00000000E+00  0.77298180E+00  0.13044285E-02  0.00000000E+00  0.15130249E-01  0.17783959E-01  0.00000000E+00  0.00000000E+00 -0.84447368E+00  0.40134724E-03
  0.00000000E+00  0.00000000E+00  0.00000000E+00  0.00000000E+00  0.00000000E+00  0.00000000E+00  0.00000000E+00  0.00000000E+00  0.00000000E+00  0.00000000E+00  0.00000000E+00  0.40134724E-03  0.00000000E+00  0.00000000E+00  0.00000000E+00  0.00000000E+00  0.00000000E+00  0.00000000E+00  0.91831100E-03  0.00000000E+00  0.00000000E+00  0.00000000E+00  0.13081276E-02  0.19113863E-01  0.00000000E+00  0.00000000E+00  0.00000000E+00  0.13044285E-02  0.15130249E-01  0.00000000E+00  0.13081276E-02  0.77298180E+00  0.15130249E-01  0.25021881E-01 -0.85261838E+00
