  0.39061439E+00  0.98794605E-02  0.10661462E-01  0.54467817E+00  0.58513388E-03  0.26965083E-03  0.10661462E-01  0.52774715E-03  0.13776058E-01  0.15970693E-04  0.26965083E-03  0.13468498E-01  0.52586277E-03  0.81591886E-03  0.14404375E-04  0.15970693E-04  0.36803319E-03  0.73589800E-03  0.34064668E-03  0.14352943E-04  0.14404375E-04  0.73327040E-03  0.20175587E-04  0.15975782E-03  0.10045129E-04  0.14352943E-04  0.51319063E-03  0.18196875E-04  0.43604435E-05  0.10045129E-04  0.18131902E-04  0.22276854E-03  0.43604435E-05  0.12689892E-04  0.55084963E-05
  0.15975782E-03  0.39383262E+00  0.43604435E-05  0.22276854E-03  0.70635152E-02  0.10749301E-01  0.43604435E-05  0.55083732E-03  0.54916572E+00  0.19279218E-03  0.10749301E-01  0.55084963E-05  0.52586277E-03  0.98494643E-02  0.15034600E-04  0.19279218E-03  0.36803319E-03  0.76809527E-03  0.13579464E-01  0.14352943E-04  0.15034600E-04  0.73327040E-03  0.24355206E-03  0.15975782E-03  0.10045129E-04  0.14352943E-04  0.51319063E-03  0.18993032E-04  0.43604435E-05  0.10045129E-04  0.18131902E-04  0.22276854E-03  0.43604435E-05  0.12689892E-04  0.55084963E-05
  0.13468498E-01  0.34064668E-03  0.38780736E+00  0.54467817E+00  0.20175587E-04  0.98084647E-02  0.10661462E-01  0.18196875E-04  0.13776058E-01  0.58092899E-03  0.26965083E-03  0.13468498E-01  0.18131902E-04  0.81591886E-03  0.52395465E-03  0.15970693E-04  0.12689892E-04  0.73589800E-03  0.34064668E-03  0.52208381E-03  0.14404375E-04  0.73327040E-03  0.20175587E-04  0.55084963E-05  0.36538843E-03  0.14352943E-04  0.51319063E-03  0.18196875E-04  0.15860977E-03  0.10045129E-04  0.18131902E-04  0.22276854E-03  0.43604435E-05  0.12689892E-04  0.55084963E-05
  0.13468498E-01  0.34064668E-03  0.10661462E-01  0.92182406E+00  0.20175587E-04  0.26965083E-03  0.10661462E-01  0.18196875E-04  0.23314872E-01  0.15970693E-04  0.26965083E-03  0.13468498E-01  0.18131902E-04  0.13808772E-02  0.14404375E-04  0.15970693E-04  0.12689892E-04  0.12454483E-02  0.34064668E-03  0.14352943E-04  0.14404375E-04  0.12410013E-02  0.20175587E-04  0.55084963E-05  0.10045129E-04  0.14352943E-04  0.86853393E-03  0.18196875E-04  0.43604435E-05  0.10045129E-04  0.18131902E-04  0.37701787E-03  0.43604435E-05  0.12689892E-04  0.55084963E-05
  0.15975782E-03  0.36803319E-03  0.43604435E-05  0.22276854E-03  0.39680213E+00  0.10045129E-04  0.43604435E-05  0.42768136E-02  0.51319063E-03  0.10830351E-01  0.10045129E-04  0.55084963E-05  0.52586277E-03  0.55330644E+00  0.11673171E-03  0.10830351E-01  0.36803319E-03  0.59636487E-02  0.12689892E-04  0.14352943E-04  0.11673171E-03  0.73327040E-03  0.13681853E-01  0.15975782E-03  0.10045129E-04  0.14352943E-04  0.51319063E-03  0.14746578E-03  0.43604435E-05  0.10045129E-04  0.18131902E-04  0.22276854E-03  0.43604435E-05  0.12689892E-04  0.55084963E-05
  0.55084963E-05  0.13579464E-01  0.15860977E-03  0.22276854E-03  0.24355206E-03  0.39100246E+00  0.43604435E-05  0.18993032E-04  0.54916572E+00  0.70127553E-02  0.10749301E-01  0.55084963E-05  0.18131902E-04  0.98494643E-02  0.54687889E-03  0.19279218E-03  0.12689892E-04  0.76809527E-03  0.13579464E-01  0.52208381E-03  0.15034600E-04  0.73327040E-03  0.24355206E-03  0.55084963E-05  0.36538843E-03  0.14352943E-04  0.51319063E-03  0.18993032E-04  0.15860977E-03  0.10045129E-04  0.18131902E-04  0.22276854E-03  0.43604435E-05  0.12689892E-04  0.55084963E-05
  0.13468498E-01  0.34064668E-03  0.10661462E-01  0.54467817E+00  0.20175587E-04  0.26965083E-03  0.38780736E+00  0.18196875E-04  0.13776058E-01  0.15970693E-04  0.98084647E-02  0.13468498E-01  0.18131902E-04  0.81591886E-03  0.14404375E-04  0.58092899E-03  0.12689892E-04  0.73589800E-03  0.34064668E-03  0.14352943E-04  0.52395465E-03  0.73327040E-03  0.20175587E-04  0.55084963E-05  0.10045129E-04  0.52208381E-03  0.51319063E-03  0.18196875E-04  0.43604435E-05  0.36538843E-03  0.18131902E-04  0.22276854E-03  0.15860977E-03  0.12689892E-04  0.55084963E-05
  0.15975782E-03  0.36803319E-03  0.43604435E-05  0.22276854E-03  0.52586277E-03  0.10045129E-04  0.43604435E-05  0.40055308E+00  0.51319063E-03  0.14352943E-04  0.10045129E-04  0.55084963E-05  0.52586277E-03  0.73327040E-03  0.10932729E-01  0.14352943E-04  0.36803319E-03  0.55853681E+00  0.12689892E-04  0.14352943E-04  0.10932729E-01  0.73327040E-03  0.18131902E-04  0.15975782E-03  0.10045129E-04  0.14352943E-04  0.51319063E-03  0.13811187E-01  0.43604435E-05  0.10045129E-04  0.18131902E-04  0.22276854E-03  0.43604435E-05  0.12689892E-04  0.55084963E-05
  0.55084963E-05  0.13579464E-01  0.43604435E-05  0.37701787E-03  0.24355206E-03  0.10749301E-01  0.43604435E-05  0.18993032E-04  0.92941887E+00  0.19279218E-03  0.10749301E-01  0.55084963E-05  0.18131902E-04  0.16669427E-01  0.15034600E-04  0.19279218E-03  0.12689892E-04  0.12999396E-02  0.13579464E-01  0.14352943E-04  0.15034600E-04  0.12410013E-02  0.24355206E-03  0.55084963E-05  0.10045129E-04  0.14352943E-04  0.86853393E-03  0.18993032E-04  0.43604435E-05  0.10045129E-04  0.18131902E-04  0.37701787E-03  0.43604435E-05  0.12689892E-04  0.55084963E-05
  0.55084963E-05  0.12689892E-04  0.15860977E-03  0.22276854E-03  0.13681853E-01  0.36538843E-03  0.43604435E-05  0.14746578E-03  0.51319063E-03  0.39395063E+00  0.10045129E-04  0.55084963E-05  0.18131902E-04  0.55330644E+00  0.42460795E-02  0.10830351E-01  0.12689892E-04  0.59636487E-02  0.12689892E-04  0.52208381E-03  0.11673171E-03  0.73327040E-03  0.13681853E-01  0.55084963E-05  0.36538843E-03  0.14352943E-04  0.51319063E-03  0.14746578E-03  0.15860977E-03  0.10045129E-04  0.18131902E-04  0.22276854E-03  0.43604435E-05  0.12689892E-04  0.55084963E-05
  0.55084963E-05  0.13579464E-01  0.43604435E-05  0.22276854E-03  0.24355206E-03  0.10749301E-01  0.15860977E-03  0.18993032E-04  0.54916572E+00  0.19279218E-03  0.39100246E+00  0.55084963E-05  0.18131902E-04  0.98494643E-02  0.15034600E-04  0.70127553E-02  0.12689892E-04  0.76809527E-03  0.13579464E-01  0.14352943E-04  0.54687889E-03  0.73327040E-03  0.24355206E-03  0.55084963E-05  0.10045129E-04  0.52208381E-03  0.51319063E-03  0.18993032E-04  0.43604435E-05  0.36538843E-03  0.18131902E-04  0.22276854E-03  0.15860977E-03  0.12689892E-04  0.55084963E-05
  0.13468498E-01  0.34064668E-03  0.10661462E-01  0.54467817E+00  0.20175587E-04  0.26965083E-03  0.10661462E-01  0.18196875E-04  0.13776058E-01  0.15970693E-04  0.26965083E-03  0.39061439E+00  0.18131902E-04  0.81591886E-03  0.14404375E-04  0.15970693E-04  0.12689892E-04  0.73589800E-03  0.98794605E-02  0.14352943E-04  0.14404375E-04  0.73327040E-03  0.58513388E-03  0.55084963E-05  0.10045129E-04  0.14352943E-04  0.51319063E-03  0.52774715E-03  0.43604435E-05  0.10045129E-04  0.52586277E-03  0.22276854E-03  0.43604435E-05  0.36803319E-03  0.15975782E-03
  0.15975782E-03  0.36803319E-03  0.43604435E-05  0.22276854E-03  0.52586277E-03  0.10045129E-04  0.43604435E-05  0.42768136E-02  0.51319063E-03  0.14352943E-04  0.10045129E-04  0.55084963E-05  0.39680213E+00  0.73327040E-03  0.11673171E-03  0.14352943E-04  0.36803319E-03  0.59636487E-02  0.12689892E-04  0.10830351E-01  0.11673171E-03  0.55330644E+00  0.18131902E-04  0.15975782E-03  0.10045129E-04  0.10830351E-01  0.51319063E-03  0.14746578E-03  0.43604435E-05  0.10045129E-04  0.13681853E-01  0.22276854E-03  0.43604435E-05  0.12689892E-04  0.55084963E-05
  0.55084963E-05  0.12689892E-04  0.43604435E-05  0.37701787E-03  0.13681853E-01  0.10045129E-04  0.43604435E-05  0.14746578E-03  0.86853393E-03  0.10830351E-01  0.10045129E-04  0.55084963E-05  0.18131902E-04  0.93642671E+00  0.11673171E-03  0.10830351E-01  0.12689892E-04  0.10092996E-01  0.12689892E-04  0.14352943E-04  0.11673171E-03  0.12410013E-02  0.13681853E-01  0.55084963E-05  0.10045129E-04  0.14352943E-04  0.86853393E-03  0.14746578E-03  0.43604435E-05  0.10045129E-04  0.18131902E-04  0.37701787E-03  0.43604435E-05  0.12689892E-04  0.55084963E-05
  0.55084963E-05  0.12689892E-04  0.15860977E-03  0.22276854E-03  0.18131902E-04  0.36538843E-03  0.43604435E-05  0.13811187E-01  0.51319063E-03  0.52208381E-03  0.10045129E-04  0.55084963E-05  0.18131902E-04  0.73327040E-03  0.39767462E+00  0.14352943E-04  0.12689892E-04  0.55853681E+00  0.12689892E-04  0.52208381E-03  0.10932729E-01  0.73327040E-03  0.18131902E-04  0.55084963E-05  0.36538843E-03  0.14352943E-04  0.51319063E-03  0.13811187E-01  0.15860977E-03  0.10045129E-04  0.18131902E-04  0.22276854E-03  0.43604435E-05  0.12689892E-04  0.55084963E-05
  0.55084963E-05  0.12689892E-04  0.43604435E-05  0.22276854E-03  0.13681853E-01  0.10045129E-04  0.15860977E-03  0.14746578E-03  0.51319063E-03  0.10830351E-01  0.36538843E-03  0.55084963E-05  0.18131902E-04  0.55330644E+00  0.11673171E-03  0.39395063E+00  0.12689892E-04  0.59636487E-02  0.12689892E-04  0.14352943E-04  0.42460795E-02  0.73327040E-03  0.13681853E-01  0.55084963E-05  0.10045129E-04  0.52208381E-03  0.51319063E-03  0.14746578E-03  0.43604435E-05  0.36538843E-03  0.18131902E-04  0.22276854E-03  0.15860977E-03  0.12689892E-04  0.55084963E-05
  0.15975782E-03  0.36803319E-03  0.43604435E-05  0.22276854E-03  0.52586277E-03  0.10045129E-04  0.43604435E-05  0.55083732E-03  0.51319063E-03  0.14352943E-04  0.10045129E-04  0.55084963E-05  0.70635152E-02  0.73327040E-03  0.15034600E-04  0.14352943E-04  0.39383262E+00  0.76809527E-03  0.12689892E-04  0.19279218E-03  0.15034600E-04  0.98494643E-02  0.18131902E-04  0.15975782E-03  0.10749301E-01  0.19279218E-03  0.54916572E+00  0.18993032E-04  0.43604435E-05  0.10749301E-01  0.24355206E-03  0.22276854E-03  0.43604435E-05  0.13579464E-01  0.55084963E-05
  0.55084963E-05  0.12689892E-04  0.43604435E-05  0.37701787E-03  0.18131902E-04  0.10045129E-04  0.43604435E-05  0.13811187E-01  0.86853393E-03  0.14352943E-04  0.10045129E-04  0.55084963E-05  0.18131902E-04  0.12410013E-02  0.10932729E-01  0.14352943E-04  0.12689892E-04  0.94527871E+00  0.12689892E-04  0.14352943E-04  0.10932729E-01  0.12410013E-02  0.18131902E-04  0.55084963E-05  0.10045129E-04  0.14352943E-04  0.86853393E-03  0.13811187E-01  0.43604435E-05  0.10045129E-04  0.18131902E-04  0.37701787E-03  0.43604435E-05  0.12689892E-04  0.55084963E-05
  0.55084963E-05  0.13579464E-01  0.43604435E-05  0.22276854E-03  0.24355206E-03  0.10749301E-01  0.43604435E-05  0.18993032E-04  0.54916572E+00  0.19279218E-03  0.10749301E-01  0.15975782E-03  0.18131902E-04  0.98494643E-02  0.15034600E-04  0.19279218E-03  0.12689892E-04  0.76809527E-03  0.39383262E+00  0.14352943E-04  0.15034600E-04  0.73327040E-03  0.70635152E-02  0.55084963E-05  0.10045129E-04  0.14352943E-04  0.51319063E-03  0.55083732E-03  0.43604435E-05  0.10045129E-04  0.52586277E-03  0.22276854E-03  0.43604435E-05  0.36803319E-03  0.15975782E-03
  0.55084963E-05  0.12689892E-04  0.15860977E-03  0.22276854E-03  0.18131902E-04  0.36538843E-03  0.43604435E-05  0.14746578E-03  0.51319063E-03  0.52208381E-03  0.10045129E-04  0.55084963E-05  0.13681853E-01  0.73327040E-03  0.42460795E-02  0.14352943E-04  0.12689892E-04  0.59636487E-02  0.12689892E-04  0.39395063E+00  0.11673171E-03  0.55330644E+00  0.18131902E-04  0.55084963E-05  0.36538843E-03  0.10830351E-01  0.51319063E-03  0.14746578E-03  0.15860977E-03  0.10045129E-04  0.13681853E-01  0.22276854E-03  0.43604435E-05  0.12689892E-04  0.55084963E-05
  0.55084963E-05  0.12689892E-04  0.43604435E-05  0.22276854E-03  0.18131902E-04  0.10045129E-04  0.15860977E-03  0.13811187E-01  0.51319063E-03  0.14352943E-04  0.36538843E-03  0.55084963E-05  0.18131902E-04  0.73327040E-03  0.10932729E-01  0.52208381E-03  0.12689892E-04  0.55853681E+00  0.12689892E-04  0.14352943E-04  0.39767462E+00  0.73327040E-03  0.18131902E-04  0.55084963E-05  0.10045129E-04  0.52208381E-03  0.51319063E-03  0.13811187E-01  0.43604435E-05  0.36538843E-03  0.18131902E-04  0.22276854E-03  0.15860977E-03  0.12689892E-04  0.55084963E-05
  0.55084963E-05  0.12689892E-04  0.43604435E-05  0.37701787E-03  0.18131902E-04  0.10045129E-04  0.43604435E-05  0.14746578E-03  0.86853393E-03  0.14352943E-04  0.10045129E-04  0.55084963E-05  0.13681853E-01  0.12410013E-02  0.11673171E-03  0.14352943E-04  0.12689892E-04  0.10092996E-01  0.12689892E-04  0.10830351E-01  0.11673171E-03  0.93642671E+00  0.18131902E-04  0.55084963E-05  0.10045129E-04  0.10830351E-01  0.86853393E-03  0.14746578E-03  0.43604435E-05  0.10045129E-04  0.13681853E-01  0.37701787E-03  0.43604435E-05  0.12689892E-04  0.55084963E-05
  0.55084963E-05  0.12689892E-04  0.43604435E-05  0.22276854E-03  0.13681853E-01  0.10045129E-04  0.43604435E-05  0.14746578E-03  0.51319063E-03  0.10830351E-01  0.10045129E-04  0.15975782E-03  0.18131902E-04  0.55330644E+00  0.11673171E-03  0.10830351E-01  0.12689892E-04  0.59636487E-02  0.36803319E-03  0.14352943E-04  0.11673171E-03  0.73327040E-03  0.39680213E+00  0.55084963E-05  0.10045129E-04  0.14352943E-04  0.51319063E-03  0.42768136E-02  0.43604435E-05  0.10045129E-04  0.52586277E-03  0.22276854E-03  0.43604435E-05  0.36803319E-03  0.15975782E-03
  0.15975782E-03  0.36803319E-03  0.43604435E-05  0.22276854E-03  0.52586277E-03  0.10045129E-04  0.43604435E-05  0.52774715E-03  0.51319063E-03  0.14352943E-04  0.10045129E-04  0.55084963E-05  0.58513388E-03  0.73327040E-03  0.14404375E-04  0.14352943E-04  0.98794605E-02  0.73589800E-03  0.12689892E-04  0.15970693E-04  0.14404375E-04  0.81591886E-03  0.18131902E-04  0.39061439E+00  0.26965083E-03  0.15970693E-04  0.13776058E-01  0.18196875E-04  0.10661462E-01  0.26965083E-03  0.20175587E-04  0.54467817E+00  0.10661462E-01  0.34064668E-03  0.13468498E-01
  0.55084963E-05  0.12689892E-04  0.15860977E-03  0.22276854E-03  0.18131902E-04  0.36538843E-03  0.43604435E-05  0.18993032E-04  0.51319063E-03  0.52208381E-03  0.10045129E-04  0.55084963E-05  0.24355206E-03  0.73327040E-03  0.54687889E-03  0.14352943E-04  0.13579464E-01  0.76809527E-03  0.12689892E-04  0.70127553E-02  0.15034600E-04  0.98494643E-02  0.18131902E-04  0.55084963E-05  0.39100246E+00  0.19279218E-03  0.54916572E+00  0.18993032E-04  0.15860977E-03  0.10749301E-01  0.24355206E-03  0.22276854E-03  0.43604435E-05  0.13579464E-01  0.55084963E-05
  0.55084963E-05  0.12689892E-04  0.43604435E-05  0.22276854E-03  0.18131902E-04  0.10045129E-04  0.15860977E-03  0.14746578E-03  0.51319063E-03  0.14352943E-04  0.36538843E-03  0.55084963E-05  0.13681853E-01  0.73327040E-03  0.11673171E-03  0.52208381E-03  0.12689892E-04  0.59636487E-02  0.12689892E-04  0.10830351E-01  0.42460795E-02  0.55330644E+00  0.18131902E-04  0.55084963E-05  0.10045129E-04  0.39395063E+00  0.51319063E-03  0.14746578E-03  0.43604435E-05  0.36538843E-03  0.13681853E-01  0.22276854E-03  0.15860977E-03  0.12689892E-04  0.55084963E-05
  0.55084963E-05  0.12689892E-04  0.43604435E-05  0.37701787E-03  0.18131902E-04  0.10045129E-04  0.43604435E-05  0.18993032E-04  0.86853393E-03  0.14352943E-04  0.10045129E-04  0.55084963E-05  0.24355206E-03  0.12410013E-02  0.15034600E-04  0.14352943E-04  0.13579464E-01  0.12999396E-02  0.12689892E-04  0.19279218E-03  0.15034600E-04  0.16669427E-01  0.18131902E-04  0.55084963E-05  0.10749301E-01  0.19279218E-03  0.92941887E+00  0.18993032E-04  0.43604435E-05  0.10749301E-01  0.24355206E-03  0.37701787E-03  0.43604435E-05  0.13579464E-01  0.55084963E-05
  0.55084963E-05  0.12689892E-04  0.43604435E-05  0.22276854E-03  0.18131902E-04  0.10045129E-04  0.43604435E-05  0.13811187E-01  0.51319063E-03  0.14352943E-04  0.10045129E-04  0.15975782E-03  0.18131902E-04  0.73327040E-03  0.10932729E-01  0.14352943E-04  0.12689892E-04  0.55853681E+00  0.36803319E-03  0.14352943E-04  0.10932729E-01  0.73327040E-03  0.52586277E-03  0.55084963E-05  0.10045129E-04  0.14352943E-04  0.51319063E-03  0.40055308E+00  0.43604435E-05  0.10045129E-04  0.52586277E-03  0.22276854E-03  0.43604435E-05  0.36803319E-03  0.15975782E-03
  0.55084963E-05  0.12689892E-04  0.15860977E-03  0.22276854E-03  0.18131902E-04  0.36538843E-03  0.43604435E-05  0.18196875E-04  0.51319063E-03  0.52208381E-03  0.10045129E-04  0.55084963E-05  0.20175587E-04  0.73327040E-03  0.52395465E-03  0.14352943E-04  0.34064668E-03  0.73589800E-03  0.12689892E-04  0.58092899E-03  0.14404375E-04  0.81591886E-03  0.18131902E-04  0.13468498E-01  0.98084647E-02  0.15970693E-04  0.13776058E-01  0.18196875E-04  0.38780736E+00  0.26965083E-03  0.20175587E-04  0.54467817E+00  0.10661462E-01  0.34064668E-03  0.13468498E-01
  0.55084963E-05  0.12689892E-04  0.43604435E-05  0.22276854E-03  0.18131902E-04  0.10045129E-04  0.15860977E-03  0.18993032E-04  0.51319063E-03  0.14352943E-04  0.36538843E-03  0.55084963E-05  0.24355206E-03  0.73327040E-03  0.15034600E-04  0.52208381E-03  0.13579464E-01  0.76809527E-03  0.12689892E-04  0.19279218E-03  0.54687889E-03  0.98494643E-02  0.18131902E-04  0.55084963E-05  0.10749301E-01  0.70127553E-02  0.54916572E+00  0.18993032E-04  0.43604435E-05  0.39100246E+00  0.24355206E-03  0.22276854E-03  0.15860977E-03  0.13579464E-01  0.55084963E-05
  0.55084963E-05  0.12689892E-04  0.43604435E-05  0.22276854E-03  0.18131902E-04  0.10045129E-04  0.43604435E-05  0.14746578E-03  0.51319063E-03  0.14352943E-04  0.10045129E-04  0.15975782E-03  0.13681853E-01  0.73327040E-03  0.11673171E-03  0.14352943E-04  0.12689892E-04  0.59636487E-02  0.36803319E-03  0.10830351E-01  0.11673171E-03  0.55330644E+00  0.52586277E-03  0.55084963E-05  0.10045129E-04  0.10830351E-01  0.51319063E-03  0.42768136E-02  0.43604435E-05  0.10045129E-04  0.39680213E+00  0.22276854E-03  0.43604435E-05  0.36803319E-03  0.15975782E-03
  0.55084963E-05  0.12689892E-04  0.43604435E-05  0.37701787E-03  0.18131902E-04  0.10045129E-04  0.43604435E-05  0.18196875E-04  0.86853393E-03  0.14352943E-04  0.10045129E-04  0.55084963E-05  0.20175587E-04  0.12410013E-02  0.14404375E-04  0.14352943E-04  0.34064668E-03  0.12454483E-02  0.12689892E-04  0.15970693E-04  0.14404375E-04  0.13808772E-02  0.18131902E-04  0.13468498E-01  0.26965083E-03  0.15970693E-04  0.23314872E-01  0.18196875E-04  0.10661462E-01  0.26965083E-03  0.20175587E-04  0.92182406E+00  0.10661462E-01  0.34064668E-03  0.13468498E-01
  0.55084963E-05  0.12689892E-04  0.43604435E-05  0.22276854E-03  0.18131902E-04  0.10045129E-04  0.15860977E-03  0.18196875E-04  0.51319063E-03  0.14352943E-04  0.36538843E-03  0.55084963E-05  0.20175587E-04  0.73327040E-03  0.14404375E-04  0.52208381E-03  0.34064668E-03  0.73589800E-03  0.12689892E-04  0.15970693E-04  0.52395465E-03  0.81591886E-03  0.18131902E-04  0.13468498E-01  0.26965083E-03  0.58092899E-03  0.13776058E-01  0.18196875E-04  0.10661462E-01  0.98084647E-02  0.20175587E-04  0.54467817E+00  0.38780736E+00  0.34064668E-03  0.13468498E-01
  0.55084963E-05  0.12689892E-04  0.43604435E-05  0.22276854E-03  0.18131902E-04  0.10045129E-04  0.43604435E-05  0.18993032E-04  0.51319063E-03  0.14352943E-04  0.10045129E-04  0.15975782E-03  0.24355206E-03  0.73327040E-03  0.15034600E-04  0.14352943E-04  0.13579464E-01  0.76809527E-03  0.36803319E-03  0.19279218E-03  0.15034600E-04  0.98494643E-02  0.52586277E-03  0.55084963E-05  0.10749301E-01  0.19279218E-03  0.54916572E+00  0.55083732E-03  0.43604435E-05  0.10749301E-01  0.70635152E-02  0.22276854E-03  0.43604435E-05  0.39383262E+00  0.15975782E-03
  0.55084963E-05  0.12689892E-04  0.43604435E-05  0.22276854E-03  0.18131902E-04  0.10045129E-04  0.43604435E-05  0.18196875E-04  0.51319063E-03  0.14352943E-04  0.10045129E-04  0.15975782E-03  0.20175587E-04  0.73327040E-03  0.14404375E-04  0.14352943E-04  0.34064668E-03  0.73589800E-03  0.36803319E-03  0.15970693E-04  0.14404375E-04  0.81591886E-03  0.52586277E-03  0.13468498E-01  0.26965083E-03  0.15970693E-04  0.13776058E-01  0.52774715E-03  0.10661462E-01  0.26965083E-03  0.58513388E-03  0.54467817E+00  0.10661462E-01  0.98794605E-02  0.39061439E+00
