  0.99540561E+00  0.36193656E-02  0.12970574E-03  0.23599937E-04  0.17198472E-05  0.17198488E-05  0.23599944E-04  0.12970575E-03  0.38082989E-03  0.28414458E-03
  0.28414459E-03  0.99588610E+00  0.29844315E-02  0.23599937E-04  0.17198472E-05  0.17198488E-05  0.23599944E-04  0.12970575E-03  0.38082989E-03  0.28414458E-03
  0.28414459E-03  0.38082990E-03  0.99595849E+00  0.25548139E-02  0.17198472E-05  0.17198488E-05  0.23599944E-04  0.12970575E-03  0.38082989E-03  0.28414458E-03
  0.28414459E-03  0.38082990E-03  0.12970574E-03  0.99602774E+00  0.23575787E-02  0.17198488E-05  0.23599944E-04  0.12970575E-03  0.38082989E-03  0.28414458E-03
  0.28414459E-03  0.38082990E-03  0.12970574E-03  0.23599937E-04  0.99718797E+00  0.11754683E-02  0.23599944E-04  0.12970575E-03  0.38082989E-03  0.28414458E-03
  0.28414459E-03  0.38082990E-03  0.12970574E-03  0.23599937E-04  0.11754715E-02  0.99718797E+00  0.23599944E-04  0.12970575E-03  0.38082989E-03  0.28414458E-03
  0.28414459E-03  0.38082990E-03  0.12970574E-03  0.23599937E-04  0.17198472E-05  0.23575788E-02  0.99602774E+00  0.12970575E-03  0.38082989E-03  0.28414458E-03
  0.28414459E-03  0.38082990E-03  0.12970574E-03  0.23599937E-04  0.17198472E-05  0.17198488E-05  0.25548140E-02  0.99595849E+00  0.38082989E-03  0.28414458E-03
  0.28414459E-03  0.38082990E-03  0.12970574E-03  0.23599937E-04  0.17198472E-05  0.17198488E-05  0.23599944E-04  0.29844317E-02  0.99588610E+00  0.28414458E-03
  0.28414459E-03  0.38082990E-03  0.12970574E-03  0.23599937E-04  0.17198472E-05  0.17198488E-05  0.23599944E-04  0.12970575E-03  0.36193657E-02  0.99540561E+00
