  0.98175648E+00  0.14291429E-01  0.57705267E-03  0.95898786E-04  0.71979688E-05  0.71979199E-05  0.95805617E-04  0.52208167E-03  0.15185668E-02  0.11282881E-02
  0.11282881E-02  0.98366052E+00  0.11793194E-01  0.13879592E-03  0.72657433E-05  0.71979399E-05  0.95805617E-04  0.52208167E-03  0.15185668E-02  0.11282881E-02
  0.11282881E-02  0.15185668E-02  0.98394133E+00  0.10097132E-01  0.42715580E-04  0.72258205E-05  0.95805617E-04  0.52208167E-03  0.15185668E-02  0.11282881E-02
  0.11282881E-02  0.15185668E-02  0.52208163E-03  0.98420792E+00  0.93347223E-02  0.23682768E-04  0.95805617E-04  0.52208167E-03  0.15185668E-02  0.11282881E-02
  0.11282881E-02  0.15185668E-02  0.52208163E-03  0.95805591E-04  0.98880784E+00  0.46626778E-02  0.95805617E-04  0.52208167E-03  0.15185668E-02  0.11282881E-02
  0.11282881E-02  0.15185668E-02  0.52208163E-03  0.95805591E-04  0.46626906E-02  0.98880783E+00  0.95805617E-04  0.52208167E-03  0.15185668E-02  0.11282881E-02
  0.11282881E-02  0.15185668E-02  0.52208163E-03  0.95805591E-04  0.23682807E-04  0.93347223E-02  0.98420792E+00  0.52208167E-03  0.15185668E-02  0.11282881E-02
  0.11282881E-02  0.15185668E-02  0.52208163E-03  0.95805591E-04  0.72258143E-05  0.42715588E-04  0.10097132E-01  0.98394133E+00  0.15185668E-02  0.11282881E-02
  0.11282881E-02  0.15185668E-02  0.52208163E-03  0.95805591E-04  0.71979337E-05  0.72657495E-05  0.13879595E-03  0.11793195E-01  0.98366052E+00  0.11282881E-02
  0.11282881E-02  0.15185668E-02  0.52208163E-03  0.95805591E-04  0.71979137E-05  0.71979751E-05  0.95898812E-04  0.57705271E-03  0.14291429E-01  0.98175648E+00
