  0.16966040E-02
  0.36905108E-02
  0.54850618E-01
  0.34315242E-02
  0.23457450E-02
  0.34002893E-02
  0.34002799E-02
  0.23457452E-02
  0.34315242E-02
  0.36905106E-02
  0.11931293E+00
  0.16966040E-02
  0.11093998E+00
  0.75837120E-01
  0.10993017E+00
  0.10992986E+00
  0.75837123E-01
  0.11093998E+00
  0.16966040E-02
  0.11931292E+00
  0.36905108E-02
  0.34315242E-02
  0.23457450E-02
  0.34002893E-02
  0.34002799E-02
  0.23457452E-02
  0.34315242E-02
  0.54850615E-01
  0.36905106E-02
  0.16966040E-02
