 -0.40043487E+01
 -0.23712946E+01
 -0.22529091E+01
 -0.18615750E+01
 -0.17594332E+01
 -0.17514680E+01
 -0.17514113E+01
 -0.17434461E+01
 -0.16413042E+01
 -0.11315846E+01
 -0.61985494E+00
 -0.50146947E+00
 -0.11013540E+00
 -0.79935576E-02
 -0.28361989E-04
  0.28362067E-04
  0.79935649E-02
  0.11013543E+00
  0.50146947E+00
  0.61985500E+00
  0.11315847E+01
  0.16413042E+01
  0.17434461E+01
  0.17514113E+01
  0.17514680E+01
  0.17594332E+01
  0.18615751E+01
  0.22529091E+01
  0.23712946E+01
  0.40043487E+01
