 -0.83533612E+00  0.14477463E-01  0.79244709E+00  0.51882295E-03  0.94399749E-04  0.68793890E-05  0.68793952E-05  0.94399775E-04  0.51882300E-03  0.15233196E-02  0.00000000E+00  0.24511464E-01  0.00000000E+00  0.00000000E+00  0.00000000E+00  0.00000000E+00  0.00000000E+00  0.00000000E+00  0.11365783E-02  0.00000000E+00  0.00000000E+00  0.00000000E+00  0.00000000E+00  0.00000000E+00  0.00000000E+00  0.00000000E+00  0.00000000E+00  0.00000000E+00  0.00000000E+00  0.00000000E+00
  0.11365784E-02 -0.83341414E+00  0.00000000E+00  0.11937726E-01  0.94399749E-04  0.68793890E-05  0.68793952E-05  0.94399775E-04  0.51882300E-03  0.15233196E-02  0.79244709E+00  0.00000000E+00  0.00000000E+00  0.00000000E+00  0.00000000E+00  0.00000000E+00  0.00000000E+00  0.00000000E+00  0.11365783E-02  0.00000000E+00  0.24511464E-01  0.00000000E+00  0.00000000E+00  0.00000000E+00  0.00000000E+00  0.00000000E+00  0.00000000E+00  0.00000000E+00  0.00000000E+00  0.00000000E+00
  0.24511464E-01  0.00000000E+00 -0.67400493E-01  0.00000000E+00  0.00000000E+00  0.00000000E+00  0.00000000E+00  0.00000000E+00  0.00000000E+00  0.00000000E+00  0.14477463E-01  0.24511464E-01  0.51882295E-03  0.94399749E-04  0.68793890E-05  0.68793952E-05  0.94399775E-04  0.51882300E-03  0.00000000E+00  0.15233196E-02  0.00000000E+00  0.00000000E+00  0.00000000E+00  0.00000000E+00  0.00000000E+00  0.00000000E+00  0.00000000E+00  0.11365783E-02  0.00000000E+00  0.00000000E+00
  0.11365784E-02  0.15233196E-02  0.00000000E+00 -0.83312459E+00  0.10219256E-01  0.68793890E-05  0.68793952E-05  0.94399775E-04  0.51882300E-03  0.15233196E-02  0.00000000E+00  0.00000000E+00  0.79244709E+00  0.00000000E+00  0.00000000E+00  0.00000000E+00  0.00000000E+00  0.00000000E+00  0.11365783E-02  0.00000000E+00  0.00000000E+00  0.24511464E-01  0.00000000E+00  0.00000000E+00  0.00000000E+00  0.00000000E+00  0.00000000E+00  0.00000000E+00  0.00000000E+00  0.00000000E+00
  0.11365784E-02  0.15233196E-02  0.00000000E+00  0.51882295E-03 -0.83284759E+00  0.94303150E-02  0.68793952E-05  0.94399775E-04  0.51882300E-03  0.15233196E-02  0.00000000E+00  0.00000000E+00  0.00000000E+00  0.79244709E+00  0.00000000E+00  0.00000000E+00  0.00000000E+00  0.00000000E+00  0.11365783E-02  0.00000000E+00  0.00000000E+00  0.00000000E+00  0.24511464E-01  0.00000000E+00  0.00000000E+00  0.00000000E+00  0.00000000E+00  0.00000000E+00  0.00000000E+00  0.00000000E+00
  0.11365784E-02  0.15233196E-02  0.00000000E+00  0.51882295E-03  0.94399749E-04 -0.82820667E+00  0.47018731E-02  0.94399775E-04  0.51882300E-03  0.15233196E-02  0.00000000E+00  0.00000000E+00  0.00000000E+00  0.00000000E+00  0.79244709E+00  0.00000000E+00  0.00000000E+00  0.00000000E+00  0.11365783E-02  0.00000000E+00  0.00000000E+00  0.00000000E+00  0.00000000E+00  0.24511464E-01  0.00000000E+00  0.00000000E+00  0.00000000E+00  0.00000000E+00  0.00000000E+00  0.00000000E+00
  0.11365784E-02  0.15233196E-02  0.00000000E+00  0.51882295E-03  0.94399749E-04  0.47018860E-02 -0.82820668E+00  0.94399775E-04  0.51882300E-03  0.15233196E-02  0.00000000E+00  0.00000000E+00  0.00000000E+00  0.00000000E+00  0.00000000E+00  0.79244709E+00  0.00000000E+00  0.00000000E+00  0.11365783E-02  0.00000000E+00  0.00000000E+00  0.00000000E+00  0.00000000E+00  0.00000000E+00  0.24511464E-01  0.00000000E+00  0.00000000E+00  0.00000000E+00  0.00000000E+00  0.00000000E+00
  0.11365784E-02  0.15233196E-02  0.00000000E+00  0.51882295E-03  0.94399749E-04  0.68793890E-05  0.94303151E-02 -0.83284759E+00  0.51882300E-03  0.15233196E-02  0.00000000E+00  0.00000000E+00  0.00000000E+00  0.00000000E+00  0.00000000E+00  0.00000000E+00  0.79244709E+00  0.00000000E+00  0.11365783E-02  0.00000000E+00  0.00000000E+00  0.00000000E+00  0.00000000E+00  0.00000000E+00  0.00000000E+00  0.24511464E-01  0.00000000E+00  0.00000000E+00  0.00000000E+00  0.00000000E+00
  0.11365784E-02  0.15233196E-02  0.00000000E+00  0.51882295E-03  0.94399749E-04  0.68793890E-05  0.68793952E-05  0.10219256E-01 -0.83312459E+00  0.15233196E-02  0.00000000E+00  0.00000000E+00  0.00000000E+00  0.00000000E+00  0.00000000E+00  0.00000000E+00  0.00000000E+00  0.79244709E+00  0.11365783E-02  0.00000000E+00  0.00000000E+00  0.00000000E+00  0.00000000E+00  0.00000000E+00  0.00000000E+00  0.00000000E+00  0.24511464E-01  0.00000000E+00  0.00000000E+00  0.00000000E+00
  0.11365784E-02  0.15233196E-02  0.00000000E+00  0.51882295E-03  0.94399749E-04  0.68793890E-05  0.68793952E-05  0.94399775E-04  0.11937727E-01 -0.83341414E+00  0.00000000E+00  0.00000000E+00  0.00000000E+00  0.00000000E+00  0.00000000E+00  0.00000000E+00  0.00000000E+00  0.00000000E+00  0.11365783E-02  0.79244709E+00  0.00000000E+00  0.00000000E+00  0.00000000E+00  0.00000000E+00  0.00000000E+00  0.00000000E+00  0.00000000E+00  0.00000000E+00  0.24511464E-01  0.00000000E+00
  0.00000000E+00  0.24511464E-01  0.11365784E-02  0.00000000E+00  0.00000000E+00  0.00000000E+00  0.00000000E+00  0.00000000E+00  0.00000000E+00  0.00000000E+00 -0.65478512E-01  0.00000000E+00  0.11937726E-01  0.94399749E-04  0.68793890E-05  0.68793952E-05  0.94399775E-04  0.51882300E-03  0.00000000E+00  0.15233196E-02  0.24511464E-01  0.00000000E+00  0.00000000E+00  0.00000000E+00  0.00000000E+00  0.00000000E+00  0.00000000E+00  0.11365783E-02  0.00000000E+00  0.00000000E+00
  0.24511464E-01  0.00000000E+00  0.79244709E+00  0.00000000E+00  0.00000000E+00  0.00000000E+00  0.00000000E+00  0.00000000E+00  0.00000000E+00  0.00000000E+00  0.00000000E+00 -0.83533612E+00  0.00000000E+00  0.00000000E+00  0.00000000E+00  0.00000000E+00  0.00000000E+00  0.00000000E+00  0.00000000E+00  0.00000000E+00  0.14477463E-01  0.51882295E-03  0.94399749E-04  0.68793890E-05  0.68793952E-05  0.94399775E-04  0.51882300E-03  0.00000000E+00  0.15233196E-02  0.11365783E-02
  0.00000000E+00  0.00000000E+00  0.11365784E-02  0.24511464E-01  0.00000000E+00  0.00000000E+00  0.00000000E+00  0.00000000E+00  0.00000000E+00  0.00000000E+00  0.15233196E-02  0.00000000E+00 -0.65188961E-01  0.10219256E-01  0.68793890E-05  0.68793952E-05  0.94399775E-04  0.51882300E-03  0.00000000E+00  0.15233196E-02  0.00000000E+00  0.24511464E-01  0.00000000E+00  0.00000000E+00  0.00000000E+00  0.00000000E+00  0.00000000E+00  0.11365783E-02  0.00000000E+00  0.00000000E+00
  0.00000000E+00  0.00000000E+00  0.11365784E-02  0.00000000E+00  0.24511464E-01  0.00000000E+00  0.00000000E+00  0.00000000E+00  0.00000000E+00  0.00000000E+00  0.15233196E-02  0.00000000E+00  0.51882295E-03 -0.64911964E-01  0.94303150E-02  0.68793952E-05  0.94399775E-04  0.51882300E-03  0.00000000E+00  0.15233196E-02  0.00000000E+00  0.00000000E+00  0.24511464E-01  0.00000000E+00  0.00000000E+00  0.00000000E+00  0.00000000E+00  0.11365783E-02  0.00000000E+00  0.00000000E+00
  0.00000000E+00  0.00000000E+00  0.11365784E-02  0.00000000E+00  0.00000000E+00  0.24511464E-01  0.00000000E+00  0.00000000E+00  0.00000000E+00  0.00000000E+00  0.15233196E-02  0.00000000E+00  0.51882295E-03  0.94399749E-04 -0.60271042E-01  0.47018731E-02  0.94399775E-04  0.51882300E-03  0.00000000E+00  0.15233196E-02  0.00000000E+00  0.00000000E+00  0.00000000E+00  0.24511464E-01  0.00000000E+00  0.00000000E+00  0.00000000E+00  0.11365783E-02  0.00000000E+00  0.00000000E+00
  0.00000000E+00  0.00000000E+00  0.11365784E-02  0.00000000E+00  0.00000000E+00  0.00000000E+00  0.24511464E-01  0.00000000E+00  0.00000000E+00  0.00000000E+00  0.15233196E-02  0.00000000E+00  0.51882295E-03  0.94399749E-04  0.47018860E-02 -0.60271055E-01  0.94399775E-04  0.51882300E-03  0.00000000E+00  0.15233196E-02  0.00000000E+00  0.00000000E+00  0.00000000E+00  0.00000000E+00  0.24511464E-01  0.00000000E+00  0.00000000E+00  0.11365783E-02  0.00000000E+00  0.00000000E+00
  0.00000000E+00  0.00000000E+00  0.11365784E-02  0.00000000E+00  0.00000000E+00  0.00000000E+00  0.00000000E+00  0.24511464E-01  0.00000000E+00  0.00000000E+00  0.15233196E-02  0.00000000E+00  0.51882295E-03  0.94399749E-04  0.68793890E-05  0.94303151E-02 -0.64911964E-01  0.51882300E-03  0.00000000E+00  0.15233196E-02  0.00000000E+00  0.00000000E+00  0.00000000E+00  0.00000000E+00  0.00000000E+00  0.24511464E-01  0.00000000E+00  0.11365783E-02  0.00000000E+00  0.00000000E+00
  0.00000000E+00  0.00000000E+00  0.11365784E-02  0.00000000E+00  0.00000000E+00  0.00000000E+00  0.00000000E+00  0.00000000E+00  0.24511464E-01  0.00000000E+00  0.15233196E-02  0.00000000E+00  0.51882295E-03  0.94399749E-04  0.68793890E-05  0.68793952E-05  0.10219256E-01 -0.65188961E-01  0.00000000E+00  0.15233196E-02  0.00000000E+00  0.00000000E+00  0.00000000E+00  0.00000000E+00  0.00000000E+00  0.00000000E+00  0.24511464E-01  0.11365783E-02  0.00000000E+00  0.00000000E+00
  0.11365784E-02  0.15233196E-02  0.00000000E+00  0.51882295E-03  0.94399749E-04  0.68793890E-05  0.68793952E-05  0.94399775E-04  0.51882300E-03  0.14477463E-01  0.00000000E+00  0.00000000E+00  0.00000000E+00  0.00000000E+00  0.00000000E+00  0.00000000E+00  0.00000000E+00  0.00000000E+00 -0.83533612E+00  0.00000000E+00  0.00000000E+00  0.00000000E+00  0.00000000E+00  0.00000000E+00  0.00000000E+00  0.00000000E+00  0.00000000E+00  0.79244709E+00  0.00000000E+00  0.24511464E-01
  0.00000000E+00  0.00000000E+00  0.11365784E-02  0.00000000E+00  0.00000000E+00  0.00000000E+00  0.00000000E+00  0.00000000E+00  0.00000000E+00  0.24511464E-01  0.15233196E-02  0.00000000E+00  0.51882295E-03  0.94399749E-04  0.68793890E-05  0.68793952E-05  0.94399775E-04  0.11937727E-01  0.00000000E+00 -0.65478512E-01  0.00000000E+00  0.00000000E+00  0.00000000E+00  0.00000000E+00  0.00000000E+00  0.00000000E+00  0.00000000E+00  0.11365783E-02  0.24511464E-01  0.00000000E+00
  0.00000000E+00  0.24511464E-01  0.00000000E+00  0.00000000E+00  0.00000000E+00  0.00000000E+00  0.00000000E+00  0.00000000E+00  0.00000000E+00  0.00000000E+00  0.79244709E+00  0.11365784E-02  0.00000000E+00  0.00000000E+00  0.00000000E+00  0.00000000E+00  0.00000000E+00  0.00000000E+00  0.00000000E+00  0.00000000E+00 -0.83341414E+00  0.11937726E-01  0.94399749E-04  0.68793890E-05  0.68793952E-05  0.94399775E-04  0.51882300E-03  0.00000000E+00  0.15233196E-02  0.11365783E-02
  0.00000000E+00  0.00000000E+00  0.00000000E+00  0.24511464E-01  0.00000000E+00  0.00000000E+00  0.00000000E+00  0.00000000E+00  0.00000000E+00  0.00000000E+00  0.00000000E+00  0.11365784E-02  0.79244709E+00  0.00000000E+00  0.00000000E+00  0.00000000E+00  0.00000000E+00  0.00000000E+00  0.00000000E+00  0.00000000E+00  0.15233196E-02 -0.83312459E+00  0.10219256E-01  0.68793890E-05  0.68793952E-05  0.94399775E-04  0.51882300E-03  0.00000000E+00  0.15233196E-02  0.11365783E-02
  0.00000000E+00  0.00000000E+00  0.00000000E+00  0.00000000E+00  0.24511464E-01  0.00000000E+00  0.00000000E+00  0.00000000E+00  0.00000000E+00  0.00000000E+00  0.00000000E+00  0.11365784E-02  0.00000000E+00  0.79244709E+00  0.00000000E+00  0.00000000E+00  0.00000000E+00  0.00000000E+00  0.00000000E+00  0.00000000E+00  0.15233196E-02  0.51882295E-03 -0.83284759E+00  0.94303150E-02  0.68793952E-05  0.94399775E-04  0.51882300E-03  0.00000000E+00  0.15233196E-02  0.11365783E-02
  0.00000000E+00  0.00000000E+00  0.00000000E+00  0.00000000E+00  0.00000000E+00  0.24511464E-01  0.00000000E+00  0.00000000E+00  0.00000000E+00  0.00000000E+00  0.00000000E+00  0.11365784E-02  0.00000000E+00  0.00000000E+00  0.79244709E+00  0.00000000E+00  0.00000000E+00  0.00000000E+00  0.00000000E+00  0.00000000E+00  0.15233196E-02  0.51882295E-03  0.94399749E-04 -0.82820667E+00  0.47018731E-02  0.94399775E-04  0.51882300E-03  0.00000000E+00  0.15233196E-02  0.11365783E-02
  0.00000000E+00  0.00000000E+00  0.00000000E+00  0.00000000E+00  0.00000000E+00  0.00000000E+00  0.24511464E-01  0.00000000E+00  0.00000000E+00  0.00000000E+00  0.00000000E+00  0.11365784E-02  0.00000000E+00  0.00000000E+00  0.00000000E+00  0.79244709E+00  0.00000000E+00  0.00000000E+00  0.00000000E+00  0.00000000E+00  0.15233196E-02  0.51882295E-03  0.94399749E-04  0.47018860E-02 -0.82820668E+00  0.94399775E-04  0.51882300E-03  0.00000000E+00  0.15233196E-02  0.11365783E-02
  0.00000000E+00  0.00000000E+00  0.00000000E+00  0.00000000E+00  0.00000000E+00  0.00000000E+00  0.00000000E+00  0.24511464E-01  0.00000000E+00  0.00000000E+00  0.00000000E+00  0.11365784E-02  0.00000000E+00  0.00000000E+00  0.00000000E+00  0.00000000E+00  0.79244709E+00  0.00000000E+00  0.00000000E+00  0.00000000E+00  0.15233196E-02  0.51882295E-03  0.94399749E-04  0.68793890E-05  0.94303151E-02 -0.83284759E+00  0.51882300E-03  0.00000000E+00  0.15233196E-02  0.11365783E-02
  0.00000000E+00  0.00000000E+00  0.00000000E+00  0.00000000E+00  0.00000000E+00  0.00000000E+00  0.00000000E+00  0.00000000E+00  0.24511464E-01  0.00000000E+00  0.00000000E+00  0.11365784E-02  0.00000000E+00  0.00000000E+00  0.00000000E+00  0.00000000E+00  0.00000000E+00  0.79244709E+00  0.00000000E+00  0.00000000E+00  0.15233196E-02  0.51882295E-03  0.94399749E-04  0.68793890E-05  0.68793952E-05  0.10219256E-01 -0.83312459E+00  0.00000000E+00  0.15233196E-02  0.11365783E-02
  0.00000000E+00  0.00000000E+00  0.11365784E-02  0.00000000E+00  0.00000000E+00  0.00000000E+00  0.00000000E+00  0.00000000E+00  0.00000000E+00  0.00000000E+00  0.15233196E-02  0.00000000E+00  0.51882295E-03  0.94399749E-04  0.68793890E-05  0.68793952E-05  0.94399775E-04  0.51882300E-03  0.24511464E-01  0.14477463E-01  0.00000000E+00  0.00000000E+00  0.00000000E+00  0.00000000E+00  0.00000000E+00  0.00000000E+00  0.00000000E+00 -0.67400493E-01  0.00000000E+00  0.24511464E-01
  0.00000000E+00  0.00000000E+00  0.00000000E+00  0.00000000E+00  0.00000000E+00  0.00000000E+00  0.00000000E+00  0.00000000E+00  0.00000000E+00  0.24511464E-01  0.00000000E+00  0.11365784E-02  0.00000000E+00  0.00000000E+00  0.00000000E+00  0.00000000E+00  0.00000000E+00  0.00000000E+00  0.00000000E+00  0.79244709E+00  0.15233196E-02  0.51882295E-03  0.94399749E-04  0.68793890E-05  0.68793952E-05  0.94399775E-04  0.11937727E-01  0.00000000E+00 -0.83341414E+00  0.11365783E-02
  0.00000000E+00  0.00000000E+00  0.00000000E+00  0.00000000E+00  0.00000000E+00  0.00000000E+00  0.00000000E+00  0.00000000E+00  0.00000000E+00  0.00000000E+00  0.00000000E+00  0.11365784E-02  0.00000000E+00  0.00000000E+00  0.00000000E+00  0.00000000E+00  0.00000000E+00  0.00000000E+00  0.24511464E-01  0.00000000E+00  0.15233196E-02  0.51882295E-03  0.94399749E-04  0.68793890E-05  0.68793952E-05  0.94399775E-04  0.51882300E-03  0.79244709E+00  0.14477463E-01 -0.83533612E+00
