  0.39916360E+00  0.58106244E-02  0.56511316E+00  0.23461869E-03  0.38990631E-04  0.29265579E-05  0.29265380E-05  0.38952750E-04  0.21226853E-03  0.61742052E-03  0.82263520E-02  0.17479717E-01  0.33215982E-03  0.55200721E-04  0.41432545E-05  0.41432263E-05  0.55147092E-04  0.30051772E-03  0.45874058E-03  0.87410890E-03  0.25445223E-03  0.10274154E-04  0.17074332E-05  0.12815648E-06  0.12815561E-06  0.17057744E-05  0.92954210E-05  0.64945886E-03  0.27037375E-04  0.20088644E-04
  0.45874059E-03  0.39993775E+00  0.64945888E-03  0.47948895E-02  0.56431795E-04  0.29541137E-05  0.29265461E-05  0.38952750E-04  0.21226853E-03  0.61742052E-03  0.56620915E+00  0.20088644E-04  0.67883322E-02  0.79892930E-04  0.41822664E-05  0.41432378E-05  0.55147092E-04  0.30051772E-03  0.45874058E-03  0.87410890E-03  0.17513617E-01  0.20997233E-03  0.24711968E-05  0.12936318E-06  0.12815597E-06  0.17057744E-05  0.92954210E-05  0.64945886E-03  0.27037375E-04  0.20088644E-04
  0.17479717E-01  0.25445223E-03  0.94679705E+00  0.10274154E-04  0.17074332E-05  0.12815648E-06  0.12815561E-06  0.17057744E-05  0.92954210E-05  0.27037375E-04  0.13782524E-01  0.17479717E-01  0.55650436E-03  0.92483919E-04  0.69416559E-05  0.69416087E-05  0.92394068E-04  0.50349083E-03  0.20088644E-04  0.14644920E-02  0.25445223E-03  0.10274154E-04  0.17074332E-05  0.12815648E-06  0.12815561E-06  0.17057744E-05  0.92954210E-05  0.10881108E-02  0.27037375E-04  0.20088644E-04
  0.45874059E-03  0.61742053E-03  0.64945888E-03  0.40005192E+00  0.41053026E-02  0.17367346E-04  0.29378819E-05  0.38952750E-04  0.21226853E-03  0.61742052E-03  0.87410893E-03  0.20088644E-04  0.56637079E+00  0.58120543E-02  0.24587702E-04  0.41592863E-05  0.55147092E-04  0.30051772E-03  0.45874058E-03  0.87410890E-03  0.27037375E-04  0.17518617E-01  0.17977473E-03  0.76053100E-06  0.12865237E-06  0.17057744E-05  0.92954210E-05  0.64945886E-03  0.27037375E-04  0.20088644E-04
  0.45874059E-03  0.61742053E-03  0.64945888E-03  0.21226851E-03  0.40016031E+00  0.37953214E-02  0.96289653E-05  0.38952750E-04  0.21226853E-03  0.61742052E-03  0.87410893E-03  0.20088644E-04  0.30051770E-03  0.56652424E+00  0.53732005E-02  0.13632142E-04  0.55147092E-04  0.30051772E-03  0.45874058E-03  0.87410890E-03  0.27037375E-04  0.92954203E-05  0.17523364E-01  0.16620038E-03  0.42166066E-06  0.17057744E-05  0.92954210E-05  0.64945886E-03  0.27037375E-04  0.20088644E-04
  0.45874059E-03  0.61742053E-03  0.64945888E-03  0.21226851E-03  0.38952740E-04  0.40203055E+00  0.18957566E-02  0.38952750E-04  0.21226853E-03  0.61742052E-03  0.87410893E-03  0.20088644E-04  0.30051770E-03  0.55147077E-04  0.56917202E+00  0.26839045E-02  0.55147092E-04  0.30051772E-03  0.45874058E-03  0.87410890E-03  0.27037375E-04  0.92954203E-05  0.17057739E-05  0.17605263E-01  0.83016807E-04  0.17057744E-05  0.92954210E-05  0.64945886E-03  0.27037375E-04  0.20088644E-04
  0.45874059E-03  0.61742053E-03  0.64945888E-03  0.21226851E-03  0.38952740E-04  0.18957618E-02  0.40203055E+00  0.38952750E-04  0.21226853E-03  0.61742052E-03  0.87410893E-03  0.20088644E-04  0.30051770E-03  0.55147077E-04  0.26839118E-02  0.56917201E+00  0.55147092E-04  0.30051772E-03  0.45874058E-03  0.87410890E-03  0.27037375E-04  0.92954203E-05  0.17057739E-05  0.83017036E-04  0.17605263E-01  0.17057744E-05  0.92954210E-05  0.64945886E-03  0.27037375E-04  0.20088644E-04
  0.45874059E-03  0.61742053E-03  0.64945888E-03  0.21226851E-03  0.38952740E-04  0.96289813E-05  0.37953214E-02  0.40016031E+00  0.21226853E-03  0.61742052E-03  0.87410893E-03  0.20088644E-04  0.30051770E-03  0.55147077E-04  0.13632165E-04  0.53732005E-02  0.56652424E+00  0.30051772E-03  0.45874058E-03  0.87410890E-03  0.27037375E-04  0.92954203E-05  0.17057739E-05  0.42166136E-06  0.16620038E-03  0.17523364E-01  0.92954210E-05  0.64945886E-03  0.27037375E-04  0.20088644E-04
  0.45874059E-03  0.61742053E-03  0.64945888E-03  0.21226851E-03  0.38952740E-04  0.29378794E-05  0.17367350E-04  0.41053029E-02  0.40005192E+00  0.61742052E-03  0.87410893E-03  0.20088644E-04  0.30051770E-03  0.55147077E-04  0.41592827E-05  0.24587707E-04  0.58120546E-02  0.56637079E+00  0.45874058E-03  0.87410890E-03  0.27037375E-04  0.92954203E-05  0.17057739E-05  0.12865226E-06  0.76053115E-06  0.17977474E-03  0.17518617E-01  0.64945886E-03  0.27037375E-04  0.20088644E-04
  0.45874059E-03  0.61742053E-03  0.64945888E-03  0.21226851E-03  0.38952740E-04  0.29265436E-05  0.29541162E-05  0.56431807E-04  0.47948897E-02  0.39993775E+00  0.87410893E-03  0.20088644E-04  0.30051770E-03  0.55147077E-04  0.41432342E-05  0.41822700E-05  0.79892947E-04  0.67883325E-02  0.45874058E-03  0.56620915E+00  0.27037375E-04  0.92954203E-05  0.17057739E-05  0.12815586E-06  0.12936329E-06  0.24711973E-05  0.20997234E-03  0.64945886E-03  0.17513617E-01  0.20088644E-04
  0.20088644E-04  0.17513617E-01  0.10881108E-02  0.20997233E-03  0.24711968E-05  0.12936318E-06  0.12815597E-06  0.17057744E-05  0.92954210E-05  0.27037375E-04  0.94863328E+00  0.20088644E-04  0.11373249E-01  0.13385353E-03  0.70070169E-05  0.69416280E-05  0.92394068E-04  0.50349083E-03  0.20088644E-04  0.14644920E-02  0.17513617E-01  0.20997233E-03  0.24711968E-05  0.12936318E-06  0.12815597E-06  0.17057744E-05  0.92954210E-05  0.10881108E-02  0.27037375E-04  0.20088644E-04
  0.17479717E-01  0.25445223E-03  0.56511316E+00  0.10274154E-04  0.17074332E-05  0.12815648E-06  0.12815561E-06  0.17057744E-05  0.92954210E-05  0.27037375E-04  0.82263520E-02  0.39916360E+00  0.33215982E-03  0.55200721E-04  0.41432545E-05  0.41432263E-05  0.55147092E-04  0.30051772E-03  0.20088644E-04  0.87410890E-03  0.58106244E-02  0.23461869E-03  0.38990631E-04  0.29265579E-05  0.29265380E-05  0.38952750E-04  0.21226853E-03  0.64945886E-03  0.61742052E-03  0.45874058E-03
  0.20088644E-04  0.27037375E-04  0.10881108E-02  0.17518617E-01  0.17977473E-03  0.76053100E-06  0.12865237E-06  0.17057744E-05  0.92954210E-05  0.27037375E-04  0.14644921E-02  0.20088644E-04  0.94890410E+00  0.97375822E-02  0.41194518E-04  0.69685157E-05  0.92394068E-04  0.50349083E-03  0.20088644E-04  0.14644920E-02  0.27037375E-04  0.17518617E-01  0.17977473E-03  0.76053100E-06  0.12865237E-06  0.17057744E-05  0.92954210E-05  0.10881108E-02  0.27037375E-04  0.20088644E-04
  0.20088644E-04  0.27037375E-04  0.10881108E-02  0.92954203E-05  0.17523364E-01  0.16620038E-03  0.42166066E-06  0.17057744E-05  0.92954210E-05  0.27037375E-04  0.14644921E-02  0.20088644E-04  0.50349079E-03  0.94916119E+00  0.90023215E-02  0.22839447E-04  0.92394068E-04  0.50349083E-03  0.20088644E-04  0.14644920E-02  0.27037375E-04  0.92954203E-05  0.17523364E-01  0.16620038E-03  0.42166066E-06  0.17057744E-05  0.92954210E-05  0.10881108E-02  0.27037375E-04  0.20088644E-04
  0.20088644E-04  0.27037375E-04  0.10881108E-02  0.92954203E-05  0.17057739E-05  0.17605263E-01  0.83016807E-04  0.17057744E-05  0.92954210E-05  0.27037375E-04  0.14644921E-02  0.20088644E-04  0.50349079E-03  0.92394043E-04  0.95359731E+00  0.44966442E-02  0.92394068E-04  0.50349083E-03  0.20088644E-04  0.14644920E-02  0.27037375E-04  0.92954203E-05  0.17057739E-05  0.17605263E-01  0.83016807E-04  0.17057744E-05  0.92954210E-05  0.10881108E-02  0.27037375E-04  0.20088644E-04
  0.20088644E-04  0.27037375E-04  0.10881108E-02  0.92954203E-05  0.17057739E-05  0.83017036E-04  0.17605263E-01  0.17057744E-05  0.92954210E-05  0.27037375E-04  0.14644921E-02  0.20088644E-04  0.50349079E-03  0.92394043E-04  0.44966566E-02  0.95359730E+00  0.92394068E-04  0.50349083E-03  0.20088644E-04  0.14644920E-02  0.27037375E-04  0.92954203E-05  0.17057739E-05  0.83017036E-04  0.17605263E-01  0.17057744E-05  0.92954210E-05  0.10881108E-02  0.27037375E-04  0.20088644E-04
  0.20088644E-04  0.27037375E-04  0.10881108E-02  0.92954203E-05  0.17057739E-05  0.42166136E-06  0.16620038E-03  0.17523364E-01  0.92954210E-05  0.27037375E-04  0.14644921E-02  0.20088644E-04  0.50349079E-03  0.92394043E-04  0.22839485E-04  0.90023215E-02  0.94916119E+00  0.50349083E-03  0.20088644E-04  0.14644920E-02  0.27037375E-04  0.92954203E-05  0.17057739E-05  0.42166136E-06  0.16620038E-03  0.17523364E-01  0.92954210E-05  0.10881108E-02  0.27037375E-04  0.20088644E-04
  0.20088644E-04  0.27037375E-04  0.10881108E-02  0.92954203E-05  0.17057739E-05  0.12865226E-06  0.76053115E-06  0.17977474E-03  0.17518617E-01  0.27037375E-04  0.14644921E-02  0.20088644E-04  0.50349079E-03  0.92394043E-04  0.69685098E-05  0.41194525E-04  0.97375827E-02  0.94890409E+00  0.20088644E-04  0.14644920E-02  0.27037375E-04  0.92954203E-05  0.17057739E-05  0.12865226E-06  0.76053115E-06  0.17977474E-03  0.17518617E-01  0.10881108E-02  0.27037375E-04  0.20088644E-04
  0.45874059E-03  0.61742053E-03  0.64945888E-03  0.21226851E-03  0.38952740E-04  0.29265355E-05  0.29265604E-05  0.38990642E-04  0.23461871E-03  0.58106246E-02  0.87410893E-03  0.20088644E-04  0.30051770E-03  0.55147077E-04  0.41432227E-05  0.41432580E-05  0.55200736E-04  0.33215985E-03  0.39916360E+00  0.82263523E-02  0.27037375E-04  0.92954203E-05  0.17057739E-05  0.12815550E-06  0.12815659E-06  0.17074337E-05  0.10274155E-04  0.56511316E+00  0.25445224E-03  0.17479717E-01
  0.20088644E-04  0.27037375E-04  0.10881108E-02  0.92954203E-05  0.17057739E-05  0.12815586E-06  0.12936329E-06  0.24711973E-05  0.20997234E-03  0.17513617E-01  0.14644921E-02  0.20088644E-04  0.50349079E-03  0.92394043E-04  0.69416220E-05  0.70070229E-05  0.13385356E-03  0.11373250E-01  0.20088644E-04  0.94863328E+00  0.27037375E-04  0.92954203E-05  0.17057739E-05  0.12815586E-06  0.12936329E-06  0.24711973E-05  0.20997234E-03  0.10881108E-02  0.17513617E-01  0.20088644E-04
  0.20088644E-04  0.17513617E-01  0.64945888E-03  0.20997233E-03  0.24711968E-05  0.12936318E-06  0.12815597E-06  0.17057744E-05  0.92954210E-05  0.27037375E-04  0.56620915E+00  0.45874059E-03  0.67883322E-02  0.79892930E-04  0.41822664E-05  0.41432378E-05  0.55147092E-04  0.30051772E-03  0.20088644E-04  0.87410890E-03  0.39993775E+00  0.47948895E-02  0.56431795E-04  0.29541137E-05  0.29265461E-05  0.38952750E-04  0.21226853E-03  0.64945886E-03  0.61742052E-03  0.45874058E-03
  0.20088644E-04  0.27037375E-04  0.64945888E-03  0.17518617E-01  0.17977473E-03  0.76053100E-06  0.12865237E-06  0.17057744E-05  0.92954210E-05  0.27037375E-04  0.87410893E-03  0.45874059E-03  0.56637079E+00  0.58120543E-02  0.24587702E-04  0.41592863E-05  0.55147092E-04  0.30051772E-03  0.20088644E-04  0.87410890E-03  0.61742053E-03  0.40005192E+00  0.41053026E-02  0.17367346E-04  0.29378819E-05  0.38952750E-04  0.21226853E-03  0.64945886E-03  0.61742052E-03  0.45874058E-03
  0.20088644E-04  0.27037375E-04  0.64945888E-03  0.92954203E-05  0.17523364E-01  0.16620038E-03  0.42166066E-06  0.17057744E-05  0.92954210E-05  0.27037375E-04  0.87410893E-03  0.45874059E-03  0.30051770E-03  0.56652424E+00  0.53732005E-02  0.13632142E-04  0.55147092E-04  0.30051772E-03  0.20088644E-04  0.87410890E-03  0.61742053E-03  0.21226851E-03  0.40016031E+00  0.37953214E-02  0.96289653E-05  0.38952750E-04  0.21226853E-03  0.64945886E-03  0.61742052E-03  0.45874058E-03
  0.20088644E-04  0.27037375E-04  0.64945888E-03  0.92954203E-05  0.17057739E-05  0.17605263E-01  0.83016807E-04  0.17057744E-05  0.92954210E-05  0.27037375E-04  0.87410893E-03  0.45874059E-03  0.30051770E-03  0.55147077E-04  0.56917202E+00  0.26839045E-02  0.55147092E-04  0.30051772E-03  0.20088644E-04  0.87410890E-03  0.61742053E-03  0.21226851E-03  0.38952740E-04  0.40203055E+00  0.18957566E-02  0.38952750E-04  0.21226853E-03  0.64945886E-03  0.61742052E-03  0.45874058E-03
  0.20088644E-04  0.27037375E-04  0.64945888E-03  0.92954203E-05  0.17057739E-05  0.83017036E-04  0.17605263E-01  0.17057744E-05  0.92954210E-05  0.27037375E-04  0.87410893E-03  0.45874059E-03  0.30051770E-03  0.55147077E-04  0.26839118E-02  0.56917201E+00  0.55147092E-04  0.30051772E-03  0.20088644E-04  0.87410890E-03  0.61742053E-03  0.21226851E-03  0.38952740E-04  0.18957618E-02  0.40203055E+00  0.38952750E-04  0.21226853E-03  0.64945886E-03  0.61742052E-03  0.45874058E-03
  0.20088644E-04  0.27037375E-04  0.64945888E-03  0.92954203E-05  0.17057739E-05  0.42166136E-06  0.16620038E-03  0.17523364E-01  0.92954210E-05  0.27037375E-04  0.87410893E-03  0.45874059E-03  0.30051770E-03  0.55147077E-04  0.13632165E-04  0.53732005E-02  0.56652424E+00  0.30051772E-03  0.20088644E-04  0.87410890E-03  0.61742053E-03  0.21226851E-03  0.38952740E-04  0.96289813E-05  0.37953214E-02  0.40016031E+00  0.21226853E-03  0.64945886E-03  0.61742052E-03  0.45874058E-03
  0.20088644E-04  0.27037375E-04  0.64945888E-03  0.92954203E-05  0.17057739E-05  0.12865226E-06  0.76053115E-06  0.17977474E-03  0.17518617E-01  0.27037375E-04  0.87410893E-03  0.45874059E-03  0.30051770E-03  0.55147077E-04  0.41592827E-05  0.24587707E-04  0.58120546E-02  0.56637079E+00  0.20088644E-04  0.87410890E-03  0.61742053E-03  0.21226851E-03  0.38952740E-04  0.29378794E-05  0.17367350E-04  0.41053029E-02  0.40005192E+00  0.64945886E-03  0.61742052E-03  0.45874058E-03
  0.20088644E-04  0.27037375E-04  0.10881108E-02  0.92954203E-05  0.17057739E-05  0.12815550E-06  0.12815659E-06  0.17074337E-05  0.10274155E-04  0.25445224E-03  0.14644921E-02  0.20088644E-04  0.50349079E-03  0.92394043E-04  0.69416027E-05  0.69416619E-05  0.92483944E-04  0.55650440E-03  0.17479717E-01  0.13782525E-01  0.27037375E-04  0.92954203E-05  0.17057739E-05  0.12815550E-06  0.12815659E-06  0.17074337E-05  0.10274155E-04  0.94679705E+00  0.25445224E-03  0.17479717E-01
  0.20088644E-04  0.27037375E-04  0.64945888E-03  0.92954203E-05  0.17057739E-05  0.12815586E-06  0.12936329E-06  0.24711973E-05  0.20997234E-03  0.17513617E-01  0.87410893E-03  0.45874059E-03  0.30051770E-03  0.55147077E-04  0.41432342E-05  0.41822700E-05  0.79892947E-04  0.67883325E-02  0.20088644E-04  0.56620915E+00  0.61742053E-03  0.21226851E-03  0.38952740E-04  0.29265436E-05  0.29541162E-05  0.56431807E-04  0.47948897E-02  0.64945886E-03  0.39993775E+00  0.45874058E-03
  0.20088644E-04  0.27037375E-04  0.64945888E-03  0.92954203E-05  0.17057739E-05  0.12815550E-06  0.12815659E-06  0.17074337E-05  0.10274155E-04  0.25445224E-03  0.87410893E-03  0.45874059E-03  0.30051770E-03  0.55147077E-04  0.41432227E-05  0.41432580E-05  0.55200736E-04  0.33215985E-03  0.17479717E-01  0.82263523E-02  0.61742053E-03  0.21226851E-03  0.38952740E-04  0.29265355E-05  0.29265604E-05  0.38990642E-04  0.23461871E-03  0.56511316E+00  0.58106246E-02  0.39916360E+00
