  0.14458130E-03
  0.16725766E-03
  0.68062963E-03
  0.31383580E-03
  0.10399010E-01
  0.78738067E-03
  0.17199243E-02
  0.31383580E-03
  0.14774106E-02
  0.73197584E-02
  0.19896799E-02
  0.16725766E-03
  0.48954287E-01
  0.17199243E-02
  0.14774106E-02
  0.84678010E-02
  0.37333584E-02
  0.14458130E-03
  0.12370556E+00
  0.78738067E-03
  0.19896799E-02
  0.15888654E-01
  0.68062963E-03
  0.37333584E-02
  0.52647363E+00
  0.37333584E-02
  0.68062963E-03
  0.15888654E-01
  0.19896799E-02
  0.78738067E-03
  0.12370556E+00
  0.14458130E-03
  0.37333584E-02
  0.84678010E-02
  0.14774106E-02
  0.17199243E-02
  0.48954287E-01
  0.16725766E-03
  0.19896799E-02
  0.73197584E-02
  0.14774106E-02
  0.31383580E-03
  0.17199243E-02
  0.78738067E-03
  0.10399010E-01
  0.31383580E-03
  0.68062963E-03
  0.16725766E-03
  0.14458130E-03
