 -0.53064223E+01
 -0.43446277E+01
 -0.40297565E+01
 -0.35726693E+01
 -0.31143465E+01
 -0.30679619E+01
 -0.29378826E+01
 -0.26560238E+01
 -0.22960034E+01
 -0.21920758E+01
 -0.19760879E+01
 -0.18840654E+01
 -0.18376807E+01
 -0.14462690E+01
 -0.13793580E+01
 -0.12302811E+01
 -0.12041295E+01
 -0.92227077E+00
 -0.74580679E+00
 -0.60739958E+00
 -0.48447435E+00
 -0.45832272E+00
 -0.35439505E+00
 -0.28748407E+00
  0.00000000E+00
  0.28748407E+00
  0.35439505E+00
  0.45832272E+00
  0.48447435E+00
  0.60739958E+00
  0.74580679E+00
  0.92227077E+00
  0.12041295E+01
  0.12302811E+01
  0.13793580E+01
  0.14462690E+01
  0.18376807E+01
  0.18840654E+01
  0.19760879E+01
  0.21920758E+01
  0.22960034E+01
  0.26560238E+01
  0.29378826E+01
  0.30679619E+01
  0.31143465E+01
  0.35726693E+01
  0.40297565E+01
  0.43446277E+01
  0.53064223E+01
