  0.96976203E+00  0.24629746E-01  0.11558980E-02  0.74485000E-03  0.35582305E-03  0.15943116E-03  0.35582268E-03  0.74436181E-03  0.97414068E-03  0.77814061E-03  0.33975872E-03
  0.33975872E-03  0.97433127E+00  0.20757333E-01  0.86391552E-03  0.35606422E-03  0.15943130E-03  0.35582268E-03  0.74436181E-03  0.97414068E-03  0.77814061E-03  0.33975872E-03
  0.33975872E-03  0.77814061E-03  0.97860452E+00  0.16498388E-01  0.42742453E-03  0.15954384E-03  0.35582268E-03  0.74436181E-03  0.97414068E-03  0.77814061E-03  0.33975872E-03
  0.33975872E-03  0.77814061E-03  0.97414068E-03  0.98226557E+00  0.12248604E-01  0.20156581E-03  0.35582268E-03  0.74436181E-03  0.97414068E-03  0.77814061E-03  0.33975872E-03
  0.33975872E-03  0.77814061E-03  0.97414068E-03  0.74436181E-03  0.98450097E+00  0.94704038E-02  0.35582268E-03  0.74436181E-03  0.97414068E-03  0.77814061E-03  0.33975872E-03
  0.33975872E-03  0.77814061E-03  0.97414068E-03  0.74436181E-03  0.35582268E-03  0.99361555E+00  0.35582268E-03  0.74436181E-03  0.97414068E-03  0.77814061E-03  0.33975872E-03
  0.33975872E-03  0.77814061E-03  0.97414068E-03  0.74436181E-03  0.35582268E-03  0.94704038E-02  0.98450097E+00  0.74436181E-03  0.97414068E-03  0.77814061E-03  0.33975872E-03
  0.33975872E-03  0.77814061E-03  0.97414068E-03  0.74436181E-03  0.35582268E-03  0.20156581E-03  0.12248604E-01  0.98226557E+00  0.97414068E-03  0.77814061E-03  0.33975872E-03
  0.33975872E-03  0.77814061E-03  0.97414068E-03  0.74436181E-03  0.35582268E-03  0.15954384E-03  0.42742453E-03  0.16498388E-01  0.97860452E+00  0.77814061E-03  0.33975872E-03
  0.33975872E-03  0.77814061E-03  0.97414068E-03  0.74436181E-03  0.35582268E-03  0.15943130E-03  0.35606422E-03  0.86391552E-03  0.20757333E-01  0.97433127E+00  0.33975872E-03
  0.33975872E-03  0.77814061E-03  0.97414068E-03  0.74436181E-03  0.35582268E-03  0.15943116E-03  0.35582305E-03  0.74485000E-03  0.11558980E-02  0.24629746E-01  0.96976203E+00
