  0.99235225E+00  0.62893950E-02  0.24412310E-03  0.18592522E-03  0.88646348E-04  0.39329856E-04  0.88646348E-04  0.18592522E-03  0.24412310E-03  0.19570902E-03  0.85931400E-04
  0.85931400E-04  0.99351739E+00  0.52824427E-02  0.18592522E-03  0.88646348E-04  0.39329856E-04  0.88646348E-04  0.18592522E-03  0.24412310E-03  0.19570902E-03  0.85931400E-04
  0.85931400E-04  0.19570902E-03  0.99460418E+00  0.41858645E-02  0.88646348E-04  0.39329856E-04  0.88646348E-04  0.18592522E-03  0.24412310E-03  0.19570902E-03  0.85931400E-04
  0.85931400E-04  0.19570902E-03  0.24412310E-03  0.99553386E+00  0.31007072E-02  0.39329856E-04  0.88646348E-04  0.18592522E-03  0.24412310E-03  0.19570902E-03  0.85931400E-04
  0.85931400E-04  0.19570902E-03  0.24412310E-03  0.18592522E-03  0.99610115E+00  0.23868299E-02  0.88646348E-04  0.18592522E-03  0.24412310E-03  0.19570902E-03  0.85931400E-04
  0.85931400E-04  0.19570902E-03  0.24412310E-03  0.18592522E-03  0.88646348E-04  0.99839933E+00  0.88646348E-04  0.18592522E-03  0.24412310E-03  0.19570902E-03  0.85931400E-04
  0.85931400E-04  0.19570902E-03  0.24412310E-03  0.18592522E-03  0.88646348E-04  0.23868299E-02  0.99610115E+00  0.18592522E-03  0.24412310E-03  0.19570902E-03  0.85931400E-04
  0.85931400E-04  0.19570902E-03  0.24412310E-03  0.18592522E-03  0.88646348E-04  0.39329856E-04  0.31007072E-02  0.99553386E+00  0.24412310E-03  0.19570902E-03  0.85931400E-04
  0.85931400E-04  0.19570902E-03  0.24412310E-03  0.18592522E-03  0.88646348E-04  0.39329856E-04  0.88646348E-04  0.41858645E-02  0.99460418E+00  0.19570902E-03  0.85931400E-04
  0.85931400E-04  0.19570902E-03  0.24412310E-03  0.18592522E-03  0.88646348E-04  0.39329856E-04  0.88646348E-04  0.18592522E-03  0.52824427E-02  0.99351739E+00  0.85931400E-04
  0.85931400E-04  0.19570902E-03  0.24412310E-03  0.18592522E-03  0.88646348E-04  0.39329856E-04  0.88646348E-04  0.18592522E-03  0.24412310E-03  0.62893950E-02  0.99235225E+00
