  0.22366148E-03
  0.79396960E-03
  0.21799857E-03
  0.15805609E-02
  0.10227992E-01
  0.77386699E-03
  0.21634857E-02
  0.21799857E-03
  0.20817312E-02
  0.64423513E-02
  0.20817312E-02
  0.36308061E-01
  0.15405425E-02
  0.21634857E-02
  0.77386699E-03
  0.21087081E-02
  0.15805609E-02
  0.72278716E-01
  0.22366148E-03
  0.20290236E-02
  0.62792367E-02
  0.20290236E-02
  0.98935741E-01
  0.21087081E-02
  0.15405425E-02
  0.79396960E-03
  0.95197126E-01
  0.29460736E+00
  0.95197126E-01
  0.79396960E-03
  0.15405425E-02
  0.21087081E-02
  0.98935741E-01
  0.20290236E-02
  0.62792367E-02
  0.20290236E-02
  0.22366148E-03
  0.72278716E-01
  0.15805609E-02
  0.21087081E-02
  0.77386699E-03
  0.21634857E-02
  0.15405425E-02
  0.36308061E-01
  0.20817312E-02
  0.64423513E-02
  0.20817312E-02
  0.21799857E-03
  0.21634857E-02
  0.77386699E-03
  0.10227992E-01
  0.15805609E-02
  0.21799857E-03
  0.79396960E-03
  0.22366148E-03
