 -0.51277371E+01
 -0.39467795E+01
 -0.37771086E+01
 -0.30686918E+01
 -0.30655525E+01
 -0.25961510E+01
 -0.24779889E+01
 -0.23539963E+01
 -0.21539249E+01
 -0.20621847E+01
 -0.19704444E+01
 -0.18845949E+01
 -0.17180633E+01
 -0.16463804E+01
 -0.11730387E+01
 -0.11273604E+01
 -0.10556775E+01
 -0.10065072E+01
 -0.10033678E+01
 -0.80329640E+00
 -0.71155615E+00
 -0.61981590E+00
 -0.41580429E+00
 -0.29575186E+00
 -0.29495101E+00
 -0.17758978E+00
 -0.91740250E-01
  0.00000000E+00
  0.91740250E-01
  0.17758978E+00
  0.29495101E+00
  0.29575186E+00
  0.41580429E+00
  0.61981590E+00
  0.71155615E+00
  0.80329640E+00
  0.10033678E+01
  0.10065072E+01
  0.10556775E+01
  0.11273604E+01
  0.11730387E+01
  0.16463804E+01
  0.17180633E+01
  0.18845949E+01
  0.19704444E+01
  0.20621847E+01
  0.21539249E+01
  0.23539963E+01
  0.24779889E+01
  0.25961510E+01
  0.30655525E+01
  0.30686918E+01
  0.37771086E+01
  0.39467795E+01
  0.51277371E+01
