  0.22809749E-03
  0.46052108E-03
  0.87313111E-03
  0.33806225E-02
  0.87313111E-03
  0.11738777E-02
  0.46052108E-03
  0.23700192E-02
  0.22809749E-03
  0.32265732E-01
  0.44934698E-02
  0.65143417E-01
  0.17397988E-01
  0.11738777E-02
  0.44934698E-02
  0.12350954E+00
  0.23700192E-02
  0.47820895E+00
  0.23700192E-02
  0.12350954E+00
  0.44934698E-02
  0.11738777E-02
  0.17397988E-01
  0.65143417E-01
  0.44934698E-02
  0.32265732E-01
  0.22809749E-03
  0.23700192E-02
  0.46052108E-03
  0.11738777E-02
  0.87313111E-03
  0.33806225E-02
  0.87313111E-03
  0.46052108E-03
  0.22809749E-03
