 -0.53459576E+01
 -0.47202340E+01
 -0.41259213E+01
 -0.36053098E+01
 -0.30846982E+01
 -0.28327420E+01
 -0.24903855E+01
 -0.22070185E+01
 -0.18646619E+01
 -0.17406478E+01
 -0.16127058E+01
 -0.11149243E+01
 -0.10920942E+01
 -0.64855360E+00
 -0.57148262E+00
 -0.52061160E+00
 -0.22830071E-01
  0.00000000E+00
  0.22830071E-01
  0.52061160E+00
  0.57148262E+00
  0.64855360E+00
  0.10920942E+01
  0.11149243E+01
  0.16127058E+01
  0.17406478E+01
  0.18646619E+01
  0.22070185E+01
  0.24903855E+01
  0.28327420E+01
  0.30846982E+01
  0.36053098E+01
  0.41259213E+01
  0.47202340E+01
  0.53459576E+01
