 -0.11043815E+01  0.26916927E-01  0.89391308E-03  0.88858570E-03  0.89391308E-03  0.81007269E+00  0.79567291E-03  0.00000000E+00  0.11461212E-02  0.23270272E+00  0.00000000E+00  0.00000000E+00  0.00000000E+00  0.23047383E-01  0.00000000E+00  0.00000000E+00  0.00000000E+00  0.00000000E+00  0.00000000E+00  0.00000000E+00  0.00000000E+00  0.00000000E+00  0.00000000E+00  0.00000000E+00  0.00000000E+00  0.00000000E+00  0.70236060E-02  0.00000000E+00  0.00000000E+00  0.00000000E+00  0.00000000E+00  0.00000000E+00  0.00000000E+00  0.00000000E+00  0.00000000E+00
  0.11461212E-02 -0.10962263E+01  0.18509454E-01  0.88858570E-03  0.89391308E-03  0.00000000E+00  0.79567291E-03  0.81007269E+00  0.11461212E-02  0.00000000E+00  0.00000000E+00  0.23270272E+00  0.00000000E+00  0.00000000E+00  0.00000000E+00  0.00000000E+00  0.23047383E-01  0.00000000E+00  0.00000000E+00  0.00000000E+00  0.00000000E+00  0.00000000E+00  0.00000000E+00  0.00000000E+00  0.00000000E+00  0.00000000E+00  0.00000000E+00  0.00000000E+00  0.70236060E-02  0.00000000E+00  0.00000000E+00  0.00000000E+00  0.00000000E+00  0.00000000E+00  0.00000000E+00
  0.11461212E-02  0.79567291E-03 -0.10879025E+01  0.10278586E-01  0.89391308E-03  0.00000000E+00  0.79567291E-03  0.00000000E+00  0.11461212E-02  0.00000000E+00  0.81007269E+00  0.00000000E+00  0.00000000E+00  0.00000000E+00  0.00000000E+00  0.23270272E+00  0.00000000E+00  0.00000000E+00  0.00000000E+00  0.00000000E+00  0.23047383E-01  0.00000000E+00  0.00000000E+00  0.00000000E+00  0.00000000E+00  0.00000000E+00  0.00000000E+00  0.00000000E+00  0.00000000E+00  0.00000000E+00  0.70236060E-02  0.00000000E+00  0.00000000E+00  0.00000000E+00  0.00000000E+00
  0.11461212E-02  0.79567291E-03  0.89391308E-03 -0.10785178E+01  0.89391308E-03  0.00000000E+00  0.79567291E-03  0.00000000E+00  0.11461212E-02  0.00000000E+00  0.00000000E+00  0.00000000E+00  0.81007269E+00  0.00000000E+00  0.00000000E+00  0.00000000E+00  0.00000000E+00  0.23270272E+00  0.00000000E+00  0.00000000E+00  0.00000000E+00  0.00000000E+00  0.23047383E-01  0.00000000E+00  0.00000000E+00  0.00000000E+00  0.00000000E+00  0.00000000E+00  0.00000000E+00  0.00000000E+00  0.00000000E+00  0.70236060E-02  0.00000000E+00  0.00000000E+00  0.00000000E+00
  0.11461212E-02  0.79567291E-03  0.89391308E-03  0.10278586E-01 -0.10879025E+01  0.00000000E+00  0.79567291E-03  0.00000000E+00  0.11461212E-02  0.00000000E+00  0.00000000E+00  0.00000000E+00  0.00000000E+00  0.00000000E+00  0.81007269E+00  0.00000000E+00  0.00000000E+00  0.00000000E+00  0.00000000E+00  0.23270272E+00  0.00000000E+00  0.00000000E+00  0.00000000E+00  0.00000000E+00  0.23047383E-01  0.00000000E+00  0.00000000E+00  0.00000000E+00  0.00000000E+00  0.00000000E+00  0.00000000E+00  0.00000000E+00  0.70236060E-02  0.00000000E+00  0.00000000E+00
  0.70236060E-02  0.00000000E+00  0.00000000E+00  0.00000000E+00  0.00000000E+00 -0.84995777E+00  0.00000000E+00  0.26916927E-01  0.00000000E+00  0.78132804E+00  0.89391308E-03  0.00000000E+00  0.88858570E-03  0.23047383E-01  0.89391308E-03  0.00000000E+00  0.00000000E+00  0.00000000E+00  0.79567291E-03  0.00000000E+00  0.00000000E+00  0.11461212E-02  0.00000000E+00  0.00000000E+00  0.00000000E+00  0.00000000E+00  0.70236060E-02  0.00000000E+00  0.00000000E+00  0.00000000E+00  0.00000000E+00  0.00000000E+00  0.00000000E+00  0.00000000E+00  0.00000000E+00
  0.11461212E-02  0.79567291E-03  0.89391308E-03  0.88858570E-03  0.18509454E-01  0.00000000E+00 -0.10962263E+01  0.00000000E+00  0.11461212E-02  0.00000000E+00  0.00000000E+00  0.00000000E+00  0.00000000E+00  0.00000000E+00  0.00000000E+00  0.00000000E+00  0.00000000E+00  0.00000000E+00  0.81007269E+00  0.00000000E+00  0.00000000E+00  0.00000000E+00  0.00000000E+00  0.23270272E+00  0.00000000E+00  0.00000000E+00  0.00000000E+00  0.23047383E-01  0.00000000E+00  0.00000000E+00  0.00000000E+00  0.00000000E+00  0.00000000E+00  0.70236060E-02  0.00000000E+00
  0.00000000E+00  0.70236060E-02  0.00000000E+00  0.00000000E+00  0.00000000E+00  0.11461212E-02  0.00000000E+00 -0.84180250E+00  0.00000000E+00  0.00000000E+00  0.18509454E-01  0.78132804E+00  0.88858570E-03  0.00000000E+00  0.89391308E-03  0.00000000E+00  0.23047383E-01  0.00000000E+00  0.79567291E-03  0.00000000E+00  0.00000000E+00  0.11461212E-02  0.00000000E+00  0.00000000E+00  0.00000000E+00  0.00000000E+00  0.00000000E+00  0.00000000E+00  0.70236060E-02  0.00000000E+00  0.00000000E+00  0.00000000E+00  0.00000000E+00  0.00000000E+00  0.00000000E+00
  0.11461212E-02  0.79567291E-03  0.89391308E-03  0.88858570E-03  0.89391308E-03  0.00000000E+00  0.26916927E-01  0.00000000E+00 -0.11043815E+01  0.00000000E+00  0.00000000E+00  0.00000000E+00  0.00000000E+00  0.00000000E+00  0.00000000E+00  0.00000000E+00  0.00000000E+00  0.00000000E+00  0.00000000E+00  0.00000000E+00  0.00000000E+00  0.81007269E+00  0.00000000E+00  0.00000000E+00  0.00000000E+00  0.23270272E+00  0.00000000E+00  0.00000000E+00  0.00000000E+00  0.23047383E-01  0.00000000E+00  0.00000000E+00  0.00000000E+00  0.00000000E+00  0.70236060E-02
  0.70236060E-02  0.00000000E+00  0.00000000E+00  0.00000000E+00  0.00000000E+00  0.23047383E-01  0.00000000E+00  0.00000000E+00  0.00000000E+00 -0.91677112E-01  0.00000000E+00  0.26916927E-01  0.00000000E+00  0.23047383E-01  0.00000000E+00  0.89391308E-03  0.00000000E+00  0.88858570E-03  0.00000000E+00  0.89391308E-03  0.00000000E+00  0.00000000E+00  0.00000000E+00  0.79567291E-03  0.00000000E+00  0.11461212E-02  0.70236060E-02  0.00000000E+00  0.00000000E+00  0.00000000E+00  0.00000000E+00  0.00000000E+00  0.00000000E+00  0.00000000E+00  0.00000000E+00
  0.00000000E+00  0.00000000E+00  0.70236060E-02  0.00000000E+00  0.00000000E+00  0.11461212E-02  0.00000000E+00  0.79567291E-03  0.00000000E+00  0.00000000E+00 -0.83347872E+00  0.00000000E+00  0.10278586E-01  0.00000000E+00  0.89391308E-03  0.78132804E+00  0.00000000E+00  0.00000000E+00  0.79567291E-03  0.00000000E+00  0.23047383E-01  0.11461212E-02  0.00000000E+00  0.00000000E+00  0.00000000E+00  0.00000000E+00  0.00000000E+00  0.00000000E+00  0.00000000E+00  0.00000000E+00  0.70236060E-02  0.00000000E+00  0.00000000E+00  0.00000000E+00  0.00000000E+00
  0.00000000E+00  0.70236060E-02  0.00000000E+00  0.00000000E+00  0.00000000E+00  0.00000000E+00  0.00000000E+00  0.23047383E-01  0.00000000E+00  0.11461212E-02  0.00000000E+00 -0.83521846E-01  0.00000000E+00  0.00000000E+00  0.00000000E+00  0.18509454E-01  0.23047383E-01  0.88858570E-03  0.00000000E+00  0.89391308E-03  0.00000000E+00  0.00000000E+00  0.00000000E+00  0.79567291E-03  0.00000000E+00  0.11461212E-02  0.00000000E+00  0.00000000E+00  0.70236060E-02  0.00000000E+00  0.00000000E+00  0.00000000E+00  0.00000000E+00  0.00000000E+00  0.00000000E+00
  0.00000000E+00  0.00000000E+00  0.00000000E+00  0.70236060E-02  0.00000000E+00  0.11461212E-02  0.00000000E+00  0.79567291E-03  0.00000000E+00  0.00000000E+00  0.89391308E-03  0.00000000E+00 -0.82409405E+00  0.00000000E+00  0.89391308E-03  0.00000000E+00  0.00000000E+00  0.78132804E+00  0.79567291E-03  0.00000000E+00  0.00000000E+00  0.11461212E-02  0.23047383E-01  0.00000000E+00  0.00000000E+00  0.00000000E+00  0.00000000E+00  0.00000000E+00  0.00000000E+00  0.00000000E+00  0.00000000E+00  0.70236060E-02  0.00000000E+00  0.00000000E+00  0.00000000E+00
  0.70236060E-02  0.00000000E+00  0.00000000E+00  0.00000000E+00  0.00000000E+00  0.23047383E-01  0.00000000E+00  0.00000000E+00  0.00000000E+00  0.78132804E+00  0.00000000E+00  0.00000000E+00  0.00000000E+00 -0.84995777E+00  0.00000000E+00  0.00000000E+00  0.26916927E-01  0.00000000E+00  0.00000000E+00  0.00000000E+00  0.89391308E-03  0.00000000E+00  0.88858570E-03  0.00000000E+00  0.89391308E-03  0.00000000E+00  0.70236060E-02  0.79567291E-03  0.00000000E+00  0.11461212E-02  0.00000000E+00  0.00000000E+00  0.00000000E+00  0.00000000E+00  0.00000000E+00
  0.00000000E+00  0.00000000E+00  0.00000000E+00  0.00000000E+00  0.70236060E-02  0.11461212E-02  0.00000000E+00  0.79567291E-03  0.00000000E+00  0.00000000E+00  0.89391308E-03  0.00000000E+00  0.10278586E-01  0.00000000E+00 -0.83347872E+00  0.00000000E+00  0.00000000E+00  0.00000000E+00  0.79567291E-03  0.78132804E+00  0.00000000E+00  0.11461212E-02  0.00000000E+00  0.00000000E+00  0.23047383E-01  0.00000000E+00  0.00000000E+00  0.00000000E+00  0.00000000E+00  0.00000000E+00  0.00000000E+00  0.00000000E+00  0.70236060E-02  0.00000000E+00  0.00000000E+00
  0.00000000E+00  0.00000000E+00  0.70236060E-02  0.00000000E+00  0.00000000E+00  0.00000000E+00  0.00000000E+00  0.00000000E+00  0.00000000E+00  0.11461212E-02  0.23047383E-01  0.79567291E-03  0.00000000E+00  0.00000000E+00  0.00000000E+00 -0.75198066E-01  0.00000000E+00  0.10278586E-01  0.00000000E+00  0.89391308E-03  0.23047383E-01  0.00000000E+00  0.00000000E+00  0.79567291E-03  0.00000000E+00  0.11461212E-02  0.00000000E+00  0.00000000E+00  0.00000000E+00  0.00000000E+00  0.70236060E-02  0.00000000E+00  0.00000000E+00  0.00000000E+00  0.00000000E+00
  0.00000000E+00  0.70236060E-02  0.00000000E+00  0.00000000E+00  0.00000000E+00  0.00000000E+00  0.00000000E+00  0.23047383E-01  0.00000000E+00  0.00000000E+00  0.00000000E+00  0.78132804E+00  0.00000000E+00  0.11461212E-02  0.00000000E+00  0.00000000E+00 -0.84180250E+00  0.00000000E+00  0.00000000E+00  0.00000000E+00  0.18509454E-01  0.00000000E+00  0.88858570E-03  0.00000000E+00  0.89391308E-03  0.00000000E+00  0.00000000E+00  0.79567291E-03  0.70236060E-02  0.11461212E-02  0.00000000E+00  0.00000000E+00  0.00000000E+00  0.00000000E+00  0.00000000E+00
  0.00000000E+00  0.00000000E+00  0.00000000E+00  0.70236060E-02  0.00000000E+00  0.00000000E+00  0.00000000E+00  0.00000000E+00  0.00000000E+00  0.11461212E-02  0.00000000E+00  0.79567291E-03  0.23047383E-01  0.00000000E+00  0.00000000E+00  0.89391308E-03  0.00000000E+00 -0.65813393E-01  0.00000000E+00  0.89391308E-03  0.00000000E+00  0.00000000E+00  0.23047383E-01  0.79567291E-03  0.00000000E+00  0.11461212E-02  0.00000000E+00  0.00000000E+00  0.00000000E+00  0.00000000E+00  0.00000000E+00  0.70236060E-02  0.00000000E+00  0.00000000E+00  0.00000000E+00
  0.00000000E+00  0.00000000E+00  0.00000000E+00  0.00000000E+00  0.00000000E+00  0.11461212E-02  0.70236060E-02  0.79567291E-03  0.00000000E+00  0.00000000E+00  0.89391308E-03  0.00000000E+00  0.88858570E-03  0.00000000E+00  0.18509454E-01  0.00000000E+00  0.00000000E+00  0.00000000E+00 -0.84180250E+00  0.00000000E+00  0.00000000E+00  0.11461212E-02  0.00000000E+00  0.78132804E+00  0.00000000E+00  0.00000000E+00  0.00000000E+00  0.23047383E-01  0.00000000E+00  0.00000000E+00  0.00000000E+00  0.00000000E+00  0.00000000E+00  0.70236060E-02  0.00000000E+00
  0.00000000E+00  0.00000000E+00  0.00000000E+00  0.00000000E+00  0.70236060E-02  0.00000000E+00  0.00000000E+00  0.00000000E+00  0.00000000E+00  0.11461212E-02  0.00000000E+00  0.79567291E-03  0.00000000E+00  0.00000000E+00  0.23047383E-01  0.89391308E-03  0.00000000E+00  0.10278586E-01  0.00000000E+00 -0.75198066E-01  0.00000000E+00  0.00000000E+00  0.00000000E+00  0.79567291E-03  0.23047383E-01  0.11461212E-02  0.00000000E+00  0.00000000E+00  0.00000000E+00  0.00000000E+00  0.00000000E+00  0.00000000E+00  0.70236060E-02  0.00000000E+00  0.00000000E+00
  0.00000000E+00  0.00000000E+00  0.70236060E-02  0.00000000E+00  0.00000000E+00  0.00000000E+00  0.00000000E+00  0.00000000E+00  0.00000000E+00  0.00000000E+00  0.23047383E-01  0.00000000E+00  0.00000000E+00  0.11461212E-02  0.00000000E+00  0.78132804E+00  0.79567291E-03  0.00000000E+00  0.00000000E+00  0.00000000E+00 -0.83347872E+00  0.00000000E+00  0.10278586E-01  0.00000000E+00  0.89391308E-03  0.00000000E+00  0.00000000E+00  0.79567291E-03  0.00000000E+00  0.11461212E-02  0.70236060E-02  0.00000000E+00  0.00000000E+00  0.00000000E+00  0.00000000E+00
  0.00000000E+00  0.00000000E+00  0.00000000E+00  0.00000000E+00  0.00000000E+00  0.11461212E-02  0.00000000E+00  0.79567291E-03  0.70236060E-02  0.00000000E+00  0.89391308E-03  0.00000000E+00  0.88858570E-03  0.00000000E+00  0.89391308E-03  0.00000000E+00  0.00000000E+00  0.00000000E+00  0.26916927E-01  0.00000000E+00  0.00000000E+00 -0.84995777E+00  0.00000000E+00  0.00000000E+00  0.00000000E+00  0.78132804E+00  0.00000000E+00  0.00000000E+00  0.00000000E+00  0.23047383E-01  0.00000000E+00  0.00000000E+00  0.00000000E+00  0.00000000E+00  0.70236060E-02
  0.00000000E+00  0.00000000E+00  0.00000000E+00  0.70236060E-02  0.00000000E+00  0.00000000E+00  0.00000000E+00  0.00000000E+00  0.00000000E+00  0.00000000E+00  0.00000000E+00  0.00000000E+00  0.23047383E-01  0.11461212E-02  0.00000000E+00  0.00000000E+00  0.79567291E-03  0.78132804E+00  0.00000000E+00  0.00000000E+00  0.89391308E-03  0.00000000E+00 -0.82409405E+00  0.00000000E+00  0.89391308E-03  0.00000000E+00  0.00000000E+00  0.79567291E-03  0.00000000E+00  0.11461212E-02  0.00000000E+00  0.70236060E-02  0.00000000E+00  0.00000000E+00  0.00000000E+00
  0.00000000E+00  0.00000000E+00  0.00000000E+00  0.00000000E+00  0.00000000E+00  0.00000000E+00  0.70236060E-02  0.00000000E+00  0.00000000E+00  0.11461212E-02  0.00000000E+00  0.79567291E-03  0.00000000E+00  0.00000000E+00  0.00000000E+00  0.89391308E-03  0.00000000E+00  0.88858570E-03  0.23047383E-01  0.18509454E-01  0.00000000E+00  0.00000000E+00  0.00000000E+00 -0.83521846E-01  0.00000000E+00  0.11461212E-02  0.00000000E+00  0.23047383E-01  0.00000000E+00  0.00000000E+00  0.00000000E+00  0.00000000E+00  0.00000000E+00  0.70236060E-02  0.00000000E+00
  0.00000000E+00  0.00000000E+00  0.00000000E+00  0.00000000E+00  0.70236060E-02  0.00000000E+00  0.00000000E+00  0.00000000E+00  0.00000000E+00  0.00000000E+00  0.00000000E+00  0.00000000E+00  0.00000000E+00  0.11461212E-02  0.23047383E-01  0.00000000E+00  0.79567291E-03  0.00000000E+00  0.00000000E+00  0.78132804E+00  0.89391308E-03  0.00000000E+00  0.10278586E-01  0.00000000E+00 -0.83347872E+00  0.00000000E+00  0.00000000E+00  0.79567291E-03  0.00000000E+00  0.11461212E-02  0.00000000E+00  0.00000000E+00  0.70236060E-02  0.00000000E+00  0.00000000E+00
  0.00000000E+00  0.00000000E+00  0.00000000E+00  0.00000000E+00  0.00000000E+00  0.00000000E+00  0.00000000E+00  0.00000000E+00  0.70236060E-02  0.11461212E-02  0.00000000E+00  0.79567291E-03  0.00000000E+00  0.00000000E+00  0.00000000E+00  0.89391308E-03  0.00000000E+00  0.88858570E-03  0.00000000E+00  0.89391308E-03  0.00000000E+00  0.23047383E-01  0.00000000E+00  0.26916927E-01  0.00000000E+00 -0.91677112E-01  0.00000000E+00  0.00000000E+00  0.00000000E+00  0.23047383E-01  0.00000000E+00  0.00000000E+00  0.00000000E+00  0.00000000E+00  0.70236060E-02
  0.70236060E-02  0.00000000E+00  0.00000000E+00  0.00000000E+00  0.00000000E+00  0.23047383E-01  0.00000000E+00  0.00000000E+00  0.00000000E+00  0.23270272E+00  0.00000000E+00  0.00000000E+00  0.00000000E+00  0.81007269E+00  0.00000000E+00  0.00000000E+00  0.00000000E+00  0.00000000E+00  0.00000000E+00  0.00000000E+00  0.00000000E+00  0.00000000E+00  0.00000000E+00  0.00000000E+00  0.00000000E+00  0.00000000E+00 -0.11043815E+01  0.00000000E+00  0.26916927E-01  0.00000000E+00  0.89391308E-03  0.88858570E-03  0.89391308E-03  0.79567291E-03  0.11461212E-02
  0.00000000E+00  0.00000000E+00  0.00000000E+00  0.00000000E+00  0.00000000E+00  0.00000000E+00  0.70236060E-02  0.00000000E+00  0.00000000E+00  0.00000000E+00  0.00000000E+00  0.00000000E+00  0.00000000E+00  0.11461212E-02  0.00000000E+00  0.00000000E+00  0.79567291E-03  0.00000000E+00  0.23047383E-01  0.00000000E+00  0.89391308E-03  0.00000000E+00  0.88858570E-03  0.78132804E+00  0.18509454E-01  0.00000000E+00  0.00000000E+00 -0.84180250E+00  0.00000000E+00  0.11461212E-02  0.00000000E+00  0.00000000E+00  0.00000000E+00  0.70236060E-02  0.00000000E+00
  0.00000000E+00  0.70236060E-02  0.00000000E+00  0.00000000E+00  0.00000000E+00  0.00000000E+00  0.00000000E+00  0.23047383E-01  0.00000000E+00  0.00000000E+00  0.00000000E+00  0.23270272E+00  0.00000000E+00  0.00000000E+00  0.00000000E+00  0.00000000E+00  0.81007269E+00  0.00000000E+00  0.00000000E+00  0.00000000E+00  0.00000000E+00  0.00000000E+00  0.00000000E+00  0.00000000E+00  0.00000000E+00  0.00000000E+00  0.11461212E-02  0.00000000E+00 -0.10962263E+01  0.00000000E+00  0.18509454E-01  0.88858570E-03  0.89391308E-03  0.79567291E-03  0.11461212E-02
  0.00000000E+00  0.00000000E+00  0.00000000E+00  0.00000000E+00  0.00000000E+00  0.00000000E+00  0.00000000E+00  0.00000000E+00  0.70236060E-02  0.00000000E+00  0.00000000E+00  0.00000000E+00  0.00000000E+00  0.11461212E-02  0.00000000E+00  0.00000000E+00  0.79567291E-03  0.00000000E+00  0.00000000E+00  0.00000000E+00  0.89391308E-03  0.23047383E-01  0.88858570E-03  0.00000000E+00  0.89391308E-03  0.78132804E+00  0.00000000E+00  0.26916927E-01  0.00000000E+00 -0.84995777E+00  0.00000000E+00  0.00000000E+00  0.00000000E+00  0.00000000E+00  0.70236060E-02
  0.00000000E+00  0.00000000E+00  0.70236060E-02  0.00000000E+00  0.00000000E+00  0.00000000E+00  0.00000000E+00  0.00000000E+00  0.00000000E+00  0.00000000E+00  0.23047383E-01  0.00000000E+00  0.00000000E+00  0.00000000E+00  0.00000000E+00  0.23270272E+00  0.00000000E+00  0.00000000E+00  0.00000000E+00  0.00000000E+00  0.81007269E+00  0.00000000E+00  0.00000000E+00  0.00000000E+00  0.00000000E+00  0.00000000E+00  0.11461212E-02  0.00000000E+00  0.79567291E-03  0.00000000E+00 -0.10879025E+01  0.10278586E-01  0.89391308E-03  0.79567291E-03  0.11461212E-02
  0.00000000E+00  0.00000000E+00  0.00000000E+00  0.70236060E-02  0.00000000E+00  0.00000000E+00  0.00000000E+00  0.00000000E+00  0.00000000E+00  0.00000000E+00  0.00000000E+00  0.00000000E+00  0.23047383E-01  0.00000000E+00  0.00000000E+00  0.00000000E+00  0.00000000E+00  0.23270272E+00  0.00000000E+00  0.00000000E+00  0.00000000E+00  0.00000000E+00  0.81007269E+00  0.00000000E+00  0.00000000E+00  0.00000000E+00  0.11461212E-02  0.00000000E+00  0.79567291E-03  0.00000000E+00  0.89391308E-03 -0.10785178E+01  0.89391308E-03  0.79567291E-03  0.11461212E-02
  0.00000000E+00  0.00000000E+00  0.00000000E+00  0.00000000E+00  0.70236060E-02  0.00000000E+00  0.00000000E+00  0.00000000E+00  0.00000000E+00  0.00000000E+00  0.00000000E+00  0.00000000E+00  0.00000000E+00  0.00000000E+00  0.23047383E-01  0.00000000E+00  0.00000000E+00  0.00000000E+00  0.00000000E+00  0.23270272E+00  0.00000000E+00  0.00000000E+00  0.00000000E+00  0.00000000E+00  0.81007269E+00  0.00000000E+00  0.11461212E-02  0.00000000E+00  0.79567291E-03  0.00000000E+00  0.89391308E-03  0.10278586E-01 -0.10879025E+01  0.79567291E-03  0.11461212E-02
  0.00000000E+00  0.00000000E+00  0.00000000E+00  0.00000000E+00  0.00000000E+00  0.00000000E+00  0.70236060E-02  0.00000000E+00  0.00000000E+00  0.00000000E+00  0.00000000E+00  0.00000000E+00  0.00000000E+00  0.00000000E+00  0.00000000E+00  0.00000000E+00  0.00000000E+00  0.00000000E+00  0.23047383E-01  0.00000000E+00  0.00000000E+00  0.00000000E+00  0.00000000E+00  0.23270272E+00  0.00000000E+00  0.00000000E+00  0.11461212E-02  0.81007269E+00  0.79567291E-03  0.00000000E+00  0.89391308E-03  0.88858570E-03  0.18509454E-01 -0.10962263E+01  0.11461212E-02
  0.00000000E+00  0.00000000E+00  0.00000000E+00  0.00000000E+00  0.00000000E+00  0.00000000E+00  0.00000000E+00  0.00000000E+00  0.70236060E-02  0.00000000E+00  0.00000000E+00  0.00000000E+00  0.00000000E+00  0.00000000E+00  0.00000000E+00  0.00000000E+00  0.00000000E+00  0.00000000E+00  0.00000000E+00  0.00000000E+00  0.00000000E+00  0.23047383E-01  0.00000000E+00  0.00000000E+00  0.00000000E+00  0.23270272E+00  0.11461212E-02  0.00000000E+00  0.79567291E-03  0.81007269E+00  0.89391308E-03  0.88858570E-03  0.89391308E-03  0.26916927E-01 -0.11043815E+01
