  0.27969682E+00  0.76121425E-02  0.30725233E-03  0.25778812E-03  0.25804079E-03  0.35265934E+00  0.23083896E-03  0.95978680E-02  0.32684045E-03  0.31433841E+00  0.38740306E-03  0.85549372E-02  0.32503547E-03  0.17643003E-01  0.32535406E-03  0.34530678E-03  0.48016653E-03  0.28971622E-03  0.29105628E-03  0.29000019E-03  0.19381177E-04  0.41210099E-03  0.16261023E-04  0.25942930E-03  0.16276962E-04  0.36732097E-03  0.45116758E-02  0.14561096E-04  0.12278838E-03  0.20616777E-04  0.49561626E-05  0.41582754E-05  0.41623513E-05  0.37235695E-05  0.52721306E-05
  0.32684045E-03  0.28200435E+00  0.52673340E-02  0.27547855E-03  0.25804079E-03  0.41210099E-03  0.23083896E-03  0.35556882E+00  0.32684045E-03  0.36732097E-03  0.66413860E-02  0.31693173E+00  0.34734068E-03  0.20616777E-04  0.32535406E-03  0.59197147E-02  0.17788559E-01  0.30959769E-03  0.29105628E-03  0.29000019E-03  0.33225830E-03  0.41210099E-03  0.17376918E-04  0.25942930E-03  0.16276962E-04  0.36732097E-03  0.52721306E-05  0.14561096E-04  0.45488976E-02  0.20616777E-04  0.84965227E-04  0.44436327E-05  0.41623513E-05  0.37235695E-05  0.52721306E-05
  0.32684045E-03  0.23083896E-03  0.28437063E+00  0.29456926E-02  0.25804079E-03  0.41210099E-03  0.23083896E-03  0.29105628E-03  0.32684045E-03  0.36732097E-03  0.35855238E+00  0.25942930E-03  0.37141146E-02  0.20616777E-04  0.32535406E-03  0.31959109E+00  0.14561096E-04  0.33105286E-02  0.29105628E-03  0.29000019E-03  0.17937822E-01  0.41210099E-03  0.18581142E-03  0.25942930E-03  0.16276962E-04  0.36732097E-03  0.52721306E-05  0.14561096E-04  0.37235695E-05  0.20616777E-04  0.45870672E-02  0.47515772E-04  0.41623513E-05  0.37235695E-05  0.52721306E-05
  0.32684045E-03  0.23083896E-03  0.25804079E-03  0.28705828E+00  0.25804079E-03  0.41210099E-03  0.23083896E-03  0.29105628E-03  0.32684045E-03  0.36732097E-03  0.32535406E-03  0.25942930E-03  0.36194114E+00  0.20616777E-04  0.32535406E-03  0.29000019E-03  0.14561096E-04  0.32261162E+00  0.29105628E-03  0.29000019E-03  0.16276962E-04  0.41210099E-03  0.18107356E-01  0.25942930E-03  0.16276962E-04  0.36732097E-03  0.52721306E-05  0.14561096E-04  0.37235695E-05  0.20616777E-04  0.41623513E-05  0.46304206E-02  0.41623513E-05  0.37235695E-05  0.52721306E-05
  0.32684045E-03  0.23083896E-03  0.25804079E-03  0.29456926E-02  0.28437063E+00  0.41210099E-03  0.23083896E-03  0.29105628E-03  0.32684045E-03  0.36732097E-03  0.32535406E-03  0.25942930E-03  0.37141146E-02  0.20616777E-04  0.35855238E+00  0.29000019E-03  0.14561096E-04  0.33105286E-02  0.29105628E-03  0.31959109E+00  0.16276962E-04  0.41210099E-03  0.18581142E-03  0.25942930E-03  0.17937822E-01  0.36732097E-03  0.52721306E-05  0.14561096E-04  0.37235695E-05  0.20616777E-04  0.41623513E-05  0.47515772E-04  0.45870672E-02  0.37235695E-05  0.52721306E-05
  0.45116758E-02  0.12278838E-03  0.49561626E-05  0.41582754E-05  0.41623513E-05  0.39430886E+00  0.37235695E-05  0.10731388E-01  0.52721306E-05  0.54787403E+00  0.43315586E-03  0.14910771E-01  0.36342258E-03  0.17643003E-01  0.36377879E-03  0.60185015E-03  0.48016653E-03  0.50495896E-03  0.32543039E-03  0.50545391E-03  0.19381177E-04  0.46077065E-03  0.16261023E-04  0.45217057E-03  0.16276962E-04  0.64021963E-03  0.45116758E-02  0.14561096E-04  0.12278838E-03  0.20616777E-04  0.49561626E-05  0.41582754E-05  0.41623513E-05  0.37235695E-05  0.52721306E-05
  0.32684045E-03  0.23083896E-03  0.25804079E-03  0.27547855E-03  0.52673340E-02  0.41210099E-03  0.28200435E+00  0.29105628E-03  0.32684045E-03  0.36732097E-03  0.32535406E-03  0.25942930E-03  0.34734068E-03  0.20616777E-04  0.66413860E-02  0.29000019E-03  0.14561096E-04  0.30959769E-03  0.35556882E+00  0.59197147E-02  0.16276962E-04  0.41210099E-03  0.17376918E-04  0.31693173E+00  0.33225830E-03  0.36732097E-03  0.52721306E-05  0.17788559E-01  0.37235695E-05  0.20616777E-04  0.41623513E-05  0.44436327E-05  0.84965227E-04  0.45488976E-02  0.52721306E-05
  0.52721306E-05  0.45488976E-02  0.84965227E-04  0.44436327E-05  0.41623513E-05  0.46077065E-03  0.37235695E-05  0.39756195E+00  0.52721306E-05  0.64021963E-03  0.74257422E-02  0.55239405E+00  0.38836206E-03  0.20616777E-04  0.36377879E-03  0.10317727E-01  0.17788559E-01  0.53961123E-03  0.32543039E-03  0.50545391E-03  0.33225830E-03  0.46077065E-03  0.17376918E-04  0.45217057E-03  0.16276962E-04  0.64021963E-03  0.52721306E-05  0.14561096E-04  0.45488976E-02  0.20616777E-04  0.84965227E-04  0.44436327E-05  0.41623513E-05  0.37235695E-05  0.52721306E-05
  0.32684045E-03  0.23083896E-03  0.25804079E-03  0.25778812E-03  0.30725233E-03  0.41210099E-03  0.76121425E-02  0.29105628E-03  0.27969682E+00  0.36732097E-03  0.32535406E-03  0.25942930E-03  0.32503547E-03  0.20616777E-04  0.38740306E-03  0.29000019E-03  0.14561096E-04  0.28971622E-03  0.95978680E-02  0.34530678E-03  0.16276962E-04  0.35265934E+00  0.16261023E-04  0.85549372E-02  0.19381177E-04  0.31433841E+00  0.52721306E-05  0.48016653E-03  0.37235695E-05  0.17643003E-01  0.41623513E-05  0.41582754E-05  0.49561626E-05  0.12278838E-03  0.45116758E-02
  0.45116758E-02  0.12278838E-03  0.49561626E-05  0.41582754E-05  0.41623513E-05  0.17643003E-01  0.37235695E-05  0.48016653E-03  0.52721306E-05  0.92453989E+00  0.19381177E-04  0.25161993E-01  0.16261023E-04  0.17643003E-01  0.16276962E-04  0.10156248E-02  0.48016653E-03  0.85212051E-03  0.14561096E-04  0.85295574E-03  0.19381177E-04  0.20616777E-04  0.16261023E-04  0.76303987E-03  0.16276962E-04  0.10803735E-02  0.45116758E-02  0.14561096E-04  0.12278838E-03  0.20616777E-04  0.49561626E-05  0.41582754E-05  0.41623513E-05  0.37235695E-05  0.52721306E-05
  0.52721306E-05  0.37235695E-05  0.45870672E-02  0.47515772E-04  0.41623513E-05  0.46077065E-03  0.37235695E-05  0.32543039E-03  0.52721306E-05  0.64021963E-03  0.40089787E+00  0.45217057E-03  0.41527562E-02  0.20616777E-04  0.36377879E-03  0.55702916E+00  0.14561096E-04  0.57700638E-02  0.32543039E-03  0.50545391E-03  0.17937822E-01  0.46077065E-03  0.18581142E-03  0.45217057E-03  0.16276962E-04  0.64021963E-03  0.52721306E-05  0.14561096E-04  0.37235695E-05  0.20616777E-04  0.45870672E-02  0.47515772E-04  0.41623513E-05  0.37235695E-05  0.52721306E-05
  0.52721306E-05  0.45488976E-02  0.84965227E-04  0.44436327E-05  0.41623513E-05  0.20616777E-04  0.37235695E-05  0.17788559E-01  0.52721306E-05  0.10803735E-02  0.33225830E-03  0.93216744E+00  0.17376918E-04  0.20616777E-04  0.16276962E-04  0.17411211E-01  0.17788559E-01  0.91059637E-03  0.14561096E-04  0.85295574E-03  0.33225830E-03  0.20616777E-04  0.17376918E-04  0.76303987E-03  0.16276962E-04  0.10803735E-02  0.52721306E-05  0.14561096E-04  0.45488976E-02  0.20616777E-04  0.84965227E-04  0.44436327E-05  0.41623513E-05  0.37235695E-05  0.52721306E-05
  0.52721306E-05  0.37235695E-05  0.41623513E-05  0.46304206E-02  0.41623513E-05  0.46077065E-03  0.37235695E-05  0.32543039E-03  0.52721306E-05  0.64021963E-03  0.36377879E-03  0.45217057E-03  0.40468685E+00  0.20616777E-04  0.36377879E-03  0.50545391E-03  0.14561096E-04  0.56229377E+00  0.32543039E-03  0.50545391E-03  0.16276962E-04  0.46077065E-03  0.18107356E-01  0.45217057E-03  0.16276962E-04  0.64021963E-03  0.52721306E-05  0.14561096E-04  0.37235695E-05  0.20616777E-04  0.41623513E-05  0.46304206E-02  0.41623513E-05  0.37235695E-05  0.52721306E-05
  0.45116758E-02  0.12278838E-03  0.49561626E-05  0.41582754E-05  0.41623513E-05  0.17643003E-01  0.37235695E-05  0.48016653E-03  0.52721306E-05  0.54787403E+00  0.19381177E-04  0.14910771E-01  0.16261023E-04  0.39430886E+00  0.16276962E-04  0.60185015E-03  0.10731388E-01  0.50495896E-03  0.14561096E-04  0.50545391E-03  0.43315586E-03  0.20616777E-04  0.36342258E-03  0.45217057E-03  0.36377879E-03  0.64021963E-03  0.45116758E-02  0.32543039E-03  0.12278838E-03  0.46077065E-03  0.49561626E-05  0.41582754E-05  0.41623513E-05  0.37235695E-05  0.52721306E-05
  0.52721306E-05  0.37235695E-05  0.41623513E-05  0.47515772E-04  0.45870672E-02  0.46077065E-03  0.37235695E-05  0.32543039E-03  0.52721306E-05  0.64021963E-03  0.36377879E-03  0.45217057E-03  0.41527562E-02  0.20616777E-04  0.40089787E+00  0.50545391E-03  0.14561096E-04  0.57700638E-02  0.32543039E-03  0.55702916E+00  0.16276962E-04  0.46077065E-03  0.18581142E-03  0.45217057E-03  0.17937822E-01  0.64021963E-03  0.52721306E-05  0.14561096E-04  0.37235695E-05  0.20616777E-04  0.41623513E-05  0.47515772E-04  0.45870672E-02  0.37235695E-05  0.52721306E-05
  0.52721306E-05  0.37235695E-05  0.45870672E-02  0.47515772E-04  0.41623513E-05  0.20616777E-04  0.37235695E-05  0.14561096E-04  0.52721306E-05  0.10803735E-02  0.17937822E-01  0.76303987E-03  0.18581142E-03  0.20616777E-04  0.16276962E-04  0.93998920E+00  0.14561096E-04  0.97370087E-02  0.14561096E-04  0.85295574E-03  0.17937822E-01  0.20616777E-04  0.18581142E-03  0.76303987E-03  0.16276962E-04  0.10803735E-02  0.52721306E-05  0.14561096E-04  0.37235695E-05  0.20616777E-04  0.45870672E-02  0.47515772E-04  0.41623513E-05  0.37235695E-05  0.52721306E-05
  0.52721306E-05  0.45488976E-02  0.84965227E-04  0.44436327E-05  0.41623513E-05  0.20616777E-04  0.37235695E-05  0.17788559E-01  0.52721306E-05  0.64021963E-03  0.33225830E-03  0.55239405E+00  0.17376918E-04  0.46077065E-03  0.16276962E-04  0.10317727E-01  0.39756195E+00  0.53961123E-03  0.14561096E-04  0.50545391E-03  0.74257422E-02  0.20616777E-04  0.38836206E-03  0.45217057E-03  0.36377879E-03  0.64021963E-03  0.52721306E-05  0.32543039E-03  0.45488976E-02  0.46077065E-03  0.84965227E-04  0.44436327E-05  0.41623513E-05  0.37235695E-05  0.52721306E-05
  0.52721306E-05  0.37235695E-05  0.41623513E-05  0.46304206E-02  0.41623513E-05  0.20616777E-04  0.37235695E-05  0.14561096E-04  0.52721306E-05  0.10803735E-02  0.16276962E-04  0.76303987E-03  0.18107356E-01  0.20616777E-04  0.16276962E-04  0.85295574E-03  0.14561096E-04  0.94887326E+00  0.14561096E-04  0.85295574E-03  0.16276962E-04  0.20616777E-04  0.18107356E-01  0.76303987E-03  0.16276962E-04  0.10803735E-02  0.52721306E-05  0.14561096E-04  0.37235695E-05  0.20616777E-04  0.41623513E-05  0.46304206E-02  0.41623513E-05  0.37235695E-05  0.52721306E-05
  0.52721306E-05  0.37235695E-05  0.41623513E-05  0.44436327E-05  0.84965227E-04  0.46077065E-03  0.45488976E-02  0.32543039E-03  0.52721306E-05  0.64021963E-03  0.36377879E-03  0.45217057E-03  0.38836206E-03  0.20616777E-04  0.74257422E-02  0.50545391E-03  0.14561096E-04  0.53961123E-03  0.39756195E+00  0.10317727E-01  0.16276962E-04  0.46077065E-03  0.17376918E-04  0.55239405E+00  0.33225830E-03  0.64021963E-03  0.52721306E-05  0.17788559E-01  0.37235695E-05  0.20616777E-04  0.41623513E-05  0.44436327E-05  0.84965227E-04  0.45488976E-02  0.52721306E-05
  0.52721306E-05  0.37235695E-05  0.41623513E-05  0.47515772E-04  0.45870672E-02  0.20616777E-04  0.37235695E-05  0.14561096E-04  0.52721306E-05  0.10803735E-02  0.16276962E-04  0.76303987E-03  0.18581142E-03  0.20616777E-04  0.17937822E-01  0.85295574E-03  0.14561096E-04  0.97370087E-02  0.14561096E-04  0.93998920E+00  0.16276962E-04  0.20616777E-04  0.18581142E-03  0.76303987E-03  0.17937822E-01  0.10803735E-02  0.52721306E-05  0.14561096E-04  0.37235695E-05  0.20616777E-04  0.41623513E-05  0.47515772E-04  0.45870672E-02  0.37235695E-05  0.52721306E-05
  0.52721306E-05  0.37235695E-05  0.45870672E-02  0.47515772E-04  0.41623513E-05  0.20616777E-04  0.37235695E-05  0.14561096E-04  0.52721306E-05  0.64021963E-03  0.17937822E-01  0.45217057E-03  0.18581142E-03  0.46077065E-03  0.16276962E-04  0.55702916E+00  0.32543039E-03  0.57700638E-02  0.14561096E-04  0.50545391E-03  0.40089787E+00  0.20616777E-04  0.41527562E-02  0.45217057E-03  0.36377879E-03  0.64021963E-03  0.52721306E-05  0.32543039E-03  0.37235695E-05  0.46077065E-03  0.45870672E-02  0.47515772E-04  0.41623513E-05  0.37235695E-05  0.52721306E-05
  0.52721306E-05  0.37235695E-05  0.41623513E-05  0.41582754E-05  0.49561626E-05  0.46077065E-03  0.12278838E-03  0.32543039E-03  0.45116758E-02  0.64021963E-03  0.36377879E-03  0.45217057E-03  0.36342258E-03  0.20616777E-04  0.43315586E-03  0.50545391E-03  0.14561096E-04  0.50495896E-03  0.10731388E-01  0.60185015E-03  0.16276962E-04  0.39430886E+00  0.16261023E-04  0.14910771E-01  0.19381177E-04  0.54787403E+00  0.52721306E-05  0.48016653E-03  0.37235695E-05  0.17643003E-01  0.41623513E-05  0.41582754E-05  0.49561626E-05  0.12278838E-03  0.45116758E-02
  0.52721306E-05  0.37235695E-05  0.41623513E-05  0.46304206E-02  0.41623513E-05  0.20616777E-04  0.37235695E-05  0.14561096E-04  0.52721306E-05  0.64021963E-03  0.16276962E-04  0.45217057E-03  0.18107356E-01  0.46077065E-03  0.16276962E-04  0.50545391E-03  0.32543039E-03  0.56229377E+00  0.14561096E-04  0.50545391E-03  0.36377879E-03  0.20616777E-04  0.40468685E+00  0.45217057E-03  0.36377879E-03  0.64021963E-03  0.52721306E-05  0.32543039E-03  0.37235695E-05  0.46077065E-03  0.41623513E-05  0.46304206E-02  0.41623513E-05  0.37235695E-05  0.52721306E-05
  0.52721306E-05  0.37235695E-05  0.41623513E-05  0.44436327E-05  0.84965227E-04  0.20616777E-04  0.45488976E-02  0.14561096E-04  0.52721306E-05  0.10803735E-02  0.16276962E-04  0.76303987E-03  0.17376918E-04  0.20616777E-04  0.33225830E-03  0.85295574E-03  0.14561096E-04  0.91059637E-03  0.17788559E-01  0.17411211E-01  0.16276962E-04  0.20616777E-04  0.17376918E-04  0.93216744E+00  0.33225830E-03  0.10803735E-02  0.52721306E-05  0.17788559E-01  0.37235695E-05  0.20616777E-04  0.41623513E-05  0.44436327E-05  0.84965227E-04  0.45488976E-02  0.52721306E-05
  0.52721306E-05  0.37235695E-05  0.41623513E-05  0.47515772E-04  0.45870672E-02  0.20616777E-04  0.37235695E-05  0.14561096E-04  0.52721306E-05  0.64021963E-03  0.16276962E-04  0.45217057E-03  0.18581142E-03  0.46077065E-03  0.17937822E-01  0.50545391E-03  0.32543039E-03  0.57700638E-02  0.14561096E-04  0.55702916E+00  0.36377879E-03  0.20616777E-04  0.41527562E-02  0.45217057E-03  0.40089787E+00  0.64021963E-03  0.52721306E-05  0.32543039E-03  0.37235695E-05  0.46077065E-03  0.41623513E-05  0.47515772E-04  0.45870672E-02  0.37235695E-05  0.52721306E-05
  0.52721306E-05  0.37235695E-05  0.41623513E-05  0.41582754E-05  0.49561626E-05  0.20616777E-04  0.12278838E-03  0.14561096E-04  0.45116758E-02  0.10803735E-02  0.16276962E-04  0.76303987E-03  0.16261023E-04  0.20616777E-04  0.19381177E-04  0.85295574E-03  0.14561096E-04  0.85212051E-03  0.48016653E-03  0.10156248E-02  0.16276962E-04  0.17643003E-01  0.16261023E-04  0.25161993E-01  0.19381177E-04  0.92453989E+00  0.52721306E-05  0.48016653E-03  0.37235695E-05  0.17643003E-01  0.41623513E-05  0.41582754E-05  0.49561626E-05  0.12278838E-03  0.45116758E-02
  0.45116758E-02  0.12278838E-03  0.49561626E-05  0.41582754E-05  0.41623513E-05  0.17643003E-01  0.37235695E-05  0.48016653E-03  0.52721306E-05  0.31433841E+00  0.19381177E-04  0.85549372E-02  0.16261023E-04  0.35265934E+00  0.16276962E-04  0.34530678E-03  0.95978680E-02  0.28971622E-03  0.14561096E-04  0.29000019E-03  0.38740306E-03  0.20616777E-04  0.32503547E-03  0.25942930E-03  0.32535406E-03  0.36732097E-03  0.27969682E+00  0.29105628E-03  0.76121425E-02  0.41210099E-03  0.30725233E-03  0.25778812E-03  0.25804079E-03  0.23083896E-03  0.32684045E-03
  0.52721306E-05  0.37235695E-05  0.41623513E-05  0.44436327E-05  0.84965227E-04  0.20616777E-04  0.45488976E-02  0.14561096E-04  0.52721306E-05  0.64021963E-03  0.16276962E-04  0.45217057E-03  0.17376918E-04  0.46077065E-03  0.33225830E-03  0.50545391E-03  0.32543039E-03  0.53961123E-03  0.17788559E-01  0.10317727E-01  0.36377879E-03  0.20616777E-04  0.38836206E-03  0.55239405E+00  0.74257422E-02  0.64021963E-03  0.52721306E-05  0.39756195E+00  0.37235695E-05  0.46077065E-03  0.41623513E-05  0.44436327E-05  0.84965227E-04  0.45488976E-02  0.52721306E-05
  0.52721306E-05  0.45488976E-02  0.84965227E-04  0.44436327E-05  0.41623513E-05  0.20616777E-04  0.37235695E-05  0.17788559E-01  0.52721306E-05  0.36732097E-03  0.33225830E-03  0.31693173E+00  0.17376918E-04  0.41210099E-03  0.16276962E-04  0.59197147E-02  0.35556882E+00  0.30959769E-03  0.14561096E-04  0.29000019E-03  0.66413860E-02  0.20616777E-04  0.34734068E-03  0.25942930E-03  0.32535406E-03  0.36732097E-03  0.32684045E-03  0.29105628E-03  0.28200435E+00  0.41210099E-03  0.52673340E-02  0.27547855E-03  0.25804079E-03  0.23083896E-03  0.32684045E-03
  0.52721306E-05  0.37235695E-05  0.41623513E-05  0.41582754E-05  0.49561626E-05  0.20616777E-04  0.12278838E-03  0.14561096E-04  0.45116758E-02  0.64021963E-03  0.16276962E-04  0.45217057E-03  0.16261023E-04  0.46077065E-03  0.19381177E-04  0.50545391E-03  0.32543039E-03  0.50495896E-03  0.48016653E-03  0.60185015E-03  0.36377879E-03  0.17643003E-01  0.36342258E-03  0.14910771E-01  0.43315586E-03  0.54787403E+00  0.52721306E-05  0.10731388E-01  0.37235695E-05  0.39430886E+00  0.41623513E-05  0.41582754E-05  0.49561626E-05  0.12278838E-03  0.45116758E-02
  0.52721306E-05  0.37235695E-05  0.45870672E-02  0.47515772E-04  0.41623513E-05  0.20616777E-04  0.37235695E-05  0.14561096E-04  0.52721306E-05  0.36732097E-03  0.17937822E-01  0.25942930E-03  0.18581142E-03  0.41210099E-03  0.16276962E-04  0.31959109E+00  0.29105628E-03  0.33105286E-02  0.14561096E-04  0.29000019E-03  0.35855238E+00  0.20616777E-04  0.37141146E-02  0.25942930E-03  0.32535406E-03  0.36732097E-03  0.32684045E-03  0.29105628E-03  0.23083896E-03  0.41210099E-03  0.28437063E+00  0.29456926E-02  0.25804079E-03  0.23083896E-03  0.32684045E-03
  0.52721306E-05  0.37235695E-05  0.41623513E-05  0.46304206E-02  0.41623513E-05  0.20616777E-04  0.37235695E-05  0.14561096E-04  0.52721306E-05  0.36732097E-03  0.16276962E-04  0.25942930E-03  0.18107356E-01  0.41210099E-03  0.16276962E-04  0.29000019E-03  0.29105628E-03  0.32261162E+00  0.14561096E-04  0.29000019E-03  0.32535406E-03  0.20616777E-04  0.36194114E+00  0.25942930E-03  0.32535406E-03  0.36732097E-03  0.32684045E-03  0.29105628E-03  0.23083896E-03  0.41210099E-03  0.25804079E-03  0.28705828E+00  0.25804079E-03  0.23083896E-03  0.32684045E-03
  0.52721306E-05  0.37235695E-05  0.41623513E-05  0.47515772E-04  0.45870672E-02  0.20616777E-04  0.37235695E-05  0.14561096E-04  0.52721306E-05  0.36732097E-03  0.16276962E-04  0.25942930E-03  0.18581142E-03  0.41210099E-03  0.17937822E-01  0.29000019E-03  0.29105628E-03  0.33105286E-02  0.14561096E-04  0.31959109E+00  0.32535406E-03  0.20616777E-04  0.37141146E-02  0.25942930E-03  0.35855238E+00  0.36732097E-03  0.32684045E-03  0.29105628E-03  0.23083896E-03  0.41210099E-03  0.25804079E-03  0.29456926E-02  0.28437063E+00  0.23083896E-03  0.32684045E-03
  0.52721306E-05  0.37235695E-05  0.41623513E-05  0.44436327E-05  0.84965227E-04  0.20616777E-04  0.45488976E-02  0.14561096E-04  0.52721306E-05  0.36732097E-03  0.16276962E-04  0.25942930E-03  0.17376918E-04  0.41210099E-03  0.33225830E-03  0.29000019E-03  0.29105628E-03  0.30959769E-03  0.17788559E-01  0.59197147E-02  0.32535406E-03  0.20616777E-04  0.34734068E-03  0.31693173E+00  0.66413860E-02  0.36732097E-03  0.32684045E-03  0.35556882E+00  0.23083896E-03  0.41210099E-03  0.25804079E-03  0.27547855E-03  0.52673340E-02  0.28200435E+00  0.32684045E-03
  0.52721306E-05  0.37235695E-05  0.41623513E-05  0.41582754E-05  0.49561626E-05  0.20616777E-04  0.12278838E-03  0.14561096E-04  0.45116758E-02  0.36732097E-03  0.16276962E-04  0.25942930E-03  0.16261023E-04  0.41210099E-03  0.19381177E-04  0.29000019E-03  0.29105628E-03  0.28971622E-03  0.48016653E-03  0.34530678E-03  0.32535406E-03  0.17643003E-01  0.32503547E-03  0.85549372E-02  0.38740306E-03  0.31433841E+00  0.32684045E-03  0.95978680E-02  0.23083896E-03  0.35265934E+00  0.25804079E-03  0.25778812E-03  0.30725233E-03  0.76121425E-02  0.27969682E+00
