  0.73272880E-03
  0.91418031E-03
  0.16865488E-02
  0.19116960E-02
  0.14425764E-02
  0.42235866E-02
  0.43167621E-01
  0.14425764E-02
  0.19116960E-02
  0.21042024E-02
  0.16865488E-02
  0.23851046E-02
  0.17998132E-02
  0.52695071E-02
  0.91418031E-03
  0.17998132E-02
  0.23851046E-02
  0.99360500E-01
  0.21042024E-02
  0.11262471E+00
  0.84987233E-01
  0.73272880E-03
  0.24882628E+00
  0.73272880E-03
  0.84987233E-01
  0.11262471E+00
  0.21042024E-02
  0.99360500E-01
  0.23851046E-02
  0.17998132E-02
  0.91418031E-03
  0.52695071E-02
  0.17998132E-02
  0.23851046E-02
  0.16865488E-02
  0.21042024E-02
  0.19116960E-02
  0.14425764E-02
  0.43167621E-01
  0.42235866E-02
  0.14425764E-02
  0.19116960E-02
  0.16865488E-02
  0.91418031E-03
  0.73272880E-03
