 -0.44826230E+01
 -0.33581376E+01
 -0.31079499E+01
 -0.24700410E+01
 -0.22672207E+01
 -0.22444906E+01
 -0.22381324E+01
 -0.22217605E+01
 -0.20189402E+01
 -0.19834646E+01
 -0.13810312E+01
 -0.13455556E+01
 -0.11427353E+01
 -0.11200052E+01
 -0.11181272E+01
 -0.10972751E+01
 -0.89445478E+00
 -0.86345936E+00
 -0.25654583E+00
 -0.22555041E+00
 -0.22730105E-01
 -0.63581673E-02
  0.00000000E+00
  0.63581673E-02
  0.22730105E-01
  0.22555041E+00
  0.25654583E+00
  0.86345936E+00
  0.89445478E+00
  0.10972751E+01
  0.11181272E+01
  0.11200052E+01
  0.11427353E+01
  0.13455556E+01
  0.13810312E+01
  0.19834646E+01
  0.20189402E+01
  0.22217605E+01
  0.22381324E+01
  0.22444906E+01
  0.22672207E+01
  0.24700410E+01
  0.31079499E+01
  0.33581376E+01
  0.44826230E+01
