  0.33242076E+00  0.69324932E-03  0.69177763E-02  0.37989551E+00  0.20202661E+00  0.44979949E-01  0.13943493E-01  0.11507546E-01  0.69177763E-02  0.69324932E-03  0.40737491E-05
  0.40737491E-05  0.29263726E+00  0.69177763E-02  0.40068323E+00  0.21829690E+00  0.48394622E-01  0.13943493E-01  0.11507546E-01  0.69177763E-02  0.69324932E-03  0.40737491E-05
  0.40737491E-05  0.69324932E-03  0.35884182E+00  0.11507546E-01  0.41216513E+00  0.18372205E+00  0.13943493E-01  0.11507546E-01  0.69177763E-02  0.69324932E-03  0.40737491E-05
  0.40737491E-05  0.69324932E-03  0.69177763E-02  0.30345155E+00  0.44864065E+00  0.20722655E+00  0.13943493E-01  0.11507546E-01  0.69177763E-02  0.69324932E-03  0.40737491E-05
  0.40737491E-05  0.69324932E-03  0.69177763E-02  0.11507546E-01  0.40272003E+00  0.54509118E+00  0.13943493E-01  0.11507546E-01  0.69177763E-02  0.69324932E-03  0.40737491E-05
  0.40737491E-05  0.69324932E-03  0.69177763E-02  0.11507546E-01  0.13943493E-01  0.93386772E+00  0.13943493E-01  0.11507546E-01  0.69177763E-02  0.69324932E-03  0.40737491E-05
  0.40737491E-05  0.69324932E-03  0.69177763E-02  0.11507546E-01  0.13943493E-01  0.54509118E+00  0.40272003E+00  0.11507546E-01  0.69177763E-02  0.69324932E-03  0.40737491E-05
  0.40737491E-05  0.69324932E-03  0.69177763E-02  0.11507546E-01  0.13943493E-01  0.20722655E+00  0.44864065E+00  0.30345155E+00  0.69177763E-02  0.69324932E-03  0.40737491E-05
  0.40737491E-05  0.69324932E-03  0.69177763E-02  0.11507546E-01  0.13943493E-01  0.18372205E+00  0.41216513E+00  0.11507546E-01  0.35884182E+00  0.69324932E-03  0.40737491E-05
  0.40737491E-05  0.69324932E-03  0.69177763E-02  0.11507546E-01  0.13943493E-01  0.48394622E-01  0.21829690E+00  0.40068323E+00  0.69177763E-02  0.29263726E+00  0.40737491E-05
  0.40737491E-05  0.69324932E-03  0.69177763E-02  0.11507546E-01  0.13943493E-01  0.44979949E-01  0.20202661E+00  0.37989551E+00  0.69177763E-02  0.69324932E-03  0.33242076E+00
