  0.75931424E+00  0.25939617E-03  0.24527959E-02  0.22492778E+00  0.24901996E-02  0.11436754E-02  0.24901996E-02  0.42080520E-02  0.24527959E-02  0.25939617E-03  0.14687296E-05
  0.14687296E-05  0.73532295E+00  0.24527959E-02  0.24917700E+00  0.24901996E-02  0.11436754E-02  0.24901996E-02  0.42080520E-02  0.24527959E-02  0.25939617E-03  0.14687296E-05
  0.14687296E-05  0.25939617E-03  0.77266826E+00  0.42080520E-02  0.21230724E+00  0.11436754E-02  0.24901996E-02  0.42080520E-02  0.24527959E-02  0.25939617E-03  0.14687296E-05
  0.14687296E-05  0.25939617E-03  0.24527959E-02  0.73927161E+00  0.24745914E+00  0.11436754E-02  0.24901996E-02  0.42080520E-02  0.24527959E-02  0.25939617E-03  0.14687296E-05
  0.14687296E-05  0.25939617E-03  0.24527959E-02  0.42080520E-02  0.79212270E+00  0.19154368E+00  0.24901996E-02  0.42080520E-02  0.24527959E-02  0.25939617E-03  0.14687296E-05
  0.14687296E-05  0.25939617E-03  0.24527959E-02  0.42080520E-02  0.24901996E-02  0.98117618E+00  0.24901996E-02  0.42080520E-02  0.24527959E-02  0.25939617E-03  0.14687296E-05
  0.14687296E-05  0.25939617E-03  0.24527959E-02  0.42080520E-02  0.24901996E-02  0.19154368E+00  0.79212270E+00  0.42080520E-02  0.24527959E-02  0.25939617E-03  0.14687296E-05
  0.14687296E-05  0.25939617E-03  0.24527959E-02  0.42080520E-02  0.24901996E-02  0.11436754E-02  0.24745914E+00  0.73927161E+00  0.24527959E-02  0.25939617E-03  0.14687296E-05
  0.14687296E-05  0.25939617E-03  0.24527959E-02  0.42080520E-02  0.24901996E-02  0.11436754E-02  0.21230724E+00  0.42080520E-02  0.77266826E+00  0.25939617E-03  0.14687296E-05
  0.14687296E-05  0.25939617E-03  0.24527959E-02  0.42080520E-02  0.24901996E-02  0.11436754E-02  0.24901996E-02  0.24917700E+00  0.24527959E-02  0.73532295E+00  0.14687296E-05
  0.14687296E-05  0.25939617E-03  0.24527959E-02  0.42080520E-02  0.24901996E-02  0.11436754E-02  0.24901996E-02  0.22492778E+00  0.24527959E-02  0.25939617E-03  0.75931424E+00
