  0.96188622E+00  0.32653517E-01  0.98327598E-03  0.61385779E-03  0.43510879E-03  0.31215216E-03  0.43510776E-03  0.61273259E-03  0.65817733E-03  0.58969426E-03  0.82015205E-03
  0.82015205E-03  0.96769371E+00  0.26806164E-01  0.81635615E-03  0.43560388E-03  0.31215245E-03  0.43510776E-03  0.61273259E-03  0.65817733E-03  0.58969426E-03  0.82015205E-03
  0.82015205E-03  0.58969426E-03  0.97379538E+00  0.20820703E-01  0.54587745E-03  0.31232661E-03  0.43510776E-03  0.61273259E-03  0.65817733E-03  0.58969426E-03  0.82015205E-03
  0.82015205E-03  0.58969426E-03  0.65817733E-03  0.97970925E+00  0.14743994E-01  0.36287291E-03  0.43510776E-03  0.61273259E-03  0.65817733E-03  0.58969426E-03  0.82015205E-03
  0.82015205E-03  0.58969426E-03  0.65817733E-03  0.61273259E-03  0.98458025E+00  0.96231248E-02  0.43510776E-03  0.61273259E-03  0.65817733E-03  0.58969426E-03  0.82015205E-03
  0.82015205E-03  0.58969426E-03  0.65817733E-03  0.61273259E-03  0.43510776E-03  0.99376827E+00  0.43510776E-03  0.61273259E-03  0.65817733E-03  0.58969426E-03  0.82015205E-03
  0.82015205E-03  0.58969426E-03  0.65817733E-03  0.61273259E-03  0.43510776E-03  0.96231248E-02  0.98458025E+00  0.61273259E-03  0.65817733E-03  0.58969426E-03  0.82015205E-03
  0.82015205E-03  0.58969426E-03  0.65817733E-03  0.61273259E-03  0.43510776E-03  0.36287291E-03  0.14743994E-01  0.97970925E+00  0.65817733E-03  0.58969426E-03  0.82015205E-03
  0.82015205E-03  0.58969426E-03  0.65817733E-03  0.61273259E-03  0.43510776E-03  0.31232661E-03  0.54587745E-03  0.20820703E-01  0.97379538E+00  0.58969426E-03  0.82015205E-03
  0.82015205E-03  0.58969426E-03  0.65817733E-03  0.61273259E-03  0.43510776E-03  0.31215245E-03  0.43560388E-03  0.81635615E-03  0.26806164E-01  0.96769371E+00  0.82015205E-03
  0.82015205E-03  0.58969426E-03  0.65817733E-03  0.61273259E-03  0.43510776E-03  0.31215216E-03  0.43510879E-03  0.61385779E-03  0.98327598E-03  0.32653517E-01  0.96188622E+00
