  0.99032919E+00  0.83856146E-02  0.16474508E-03  0.15312261E-03  0.10859366E-03  0.77463884E-04  0.10859366E-03  0.15312261E-03  0.16474508E-03  0.14670525E-03  0.20810148E-03
  0.20810148E-03  0.99181927E+00  0.68521849E-02  0.15312261E-03  0.10859366E-03  0.77463884E-04  0.10859366E-03  0.15312261E-03  0.16474508E-03  0.14670525E-03  0.20810148E-03
  0.20810148E-03  0.14670525E-03  0.99338032E+00  0.52975521E-02  0.10859366E-03  0.77463884E-04  0.10859366E-03  0.15312261E-03  0.16474508E-03  0.14670525E-03  0.20810148E-03
  0.20810148E-03  0.14670525E-03  0.16474508E-03  0.99488578E+00  0.37359369E-02  0.77463884E-04  0.10859366E-03  0.15312261E-03  0.16474508E-03  0.14670525E-03  0.20810148E-03
  0.20810148E-03  0.14670525E-03  0.16474508E-03  0.15312261E-03  0.99612109E+00  0.24249639E-02  0.10859366E-03  0.15312261E-03  0.16474508E-03  0.14670525E-03  0.20810148E-03
  0.20810148E-03  0.14670525E-03  0.16474508E-03  0.15312261E-03  0.10859366E-03  0.99843746E+00  0.10859366E-03  0.15312261E-03  0.16474508E-03  0.14670525E-03  0.20810148E-03
  0.20810148E-03  0.14670525E-03  0.16474508E-03  0.15312261E-03  0.10859366E-03  0.24249639E-02  0.99612109E+00  0.15312261E-03  0.16474508E-03  0.14670525E-03  0.20810148E-03
  0.20810148E-03  0.14670525E-03  0.16474508E-03  0.15312261E-03  0.10859366E-03  0.77463884E-04  0.37359369E-02  0.99488578E+00  0.16474508E-03  0.14670525E-03  0.20810148E-03
  0.20810148E-03  0.14670525E-03  0.16474508E-03  0.15312261E-03  0.10859366E-03  0.77463884E-04  0.10859366E-03  0.52975521E-02  0.99338032E+00  0.14670525E-03  0.20810148E-03
  0.20810148E-03  0.14670525E-03  0.16474508E-03  0.15312261E-03  0.10859366E-03  0.77463884E-04  0.10859366E-03  0.15312261E-03  0.68521849E-02  0.99181927E+00  0.20810148E-03
  0.20810148E-03  0.14670525E-03  0.16474508E-03  0.15312261E-03  0.10859366E-03  0.77463884E-04  0.10859366E-03  0.15312261E-03  0.16474508E-03  0.83856146E-02  0.99032919E+00
