  0.12854493E-06
  0.23468194E-06
  0.37950637E-06
  0.54804357E-06
  0.66472775E-06
  0.21912241E-05
  0.66472775E-06
  0.54804357E-06
  0.37950637E-06
  0.20624718E-04
  0.23468194E-06
  0.37654138E-04
  0.12854493E-06
  0.60890861E-04
  0.87932239E-04
  0.10665393E-03
  0.35157651E-03
  0.10665393E-03
  0.22485718E-03
  0.87932239E-04
  0.41051730E-03
  0.60890861E-04
  0.66385139E-03
  0.37654138E-04
  0.95866503E-03
  0.35376168E-03
  0.20624718E-04
  0.11627748E-02
  0.38329981E-02
  0.64585569E-03
  0.11627748E-02
  0.88557458E-03
  0.95866503E-03
  0.10444193E-02
  0.18095334E-01
  0.88557458E-03
  0.66385139E-03
  0.16167759E-02
  0.15082416E-02
  0.33036293E-01
  0.18293619E-02
  0.41051730E-03
  0.16167759E-02
  0.26145036E-02
  0.60303515E-02
  0.53423301E-01
  0.18293619E-02
  0.35376168E-03
  0.37755938E-02
  0.26145036E-02
  0.22485718E-03
  0.15082416E-02
  0.77148366E-01
  0.45794570E-02
  0.64585569E-03
  0.37755938E-02
  0.15095829E-01
  0.93574057E-01
  0.10444193E-02
  0.45794570E-02
  0.30845971E+00
  0.45794570E-02
  0.10444193E-02
  0.93574057E-01
  0.15095829E-01
  0.37755938E-02
  0.64585569E-03
  0.45794570E-02
  0.77148366E-01
  0.15082416E-02
  0.22485718E-03
  0.26145036E-02
  0.37755938E-02
  0.35376168E-03
  0.18293619E-02
  0.53423301E-01
  0.60303515E-02
  0.26145036E-02
  0.16167759E-02
  0.41051730E-03
  0.18293619E-02
  0.33036293E-01
  0.15082416E-02
  0.16167759E-02
  0.66385139E-03
  0.88557458E-03
  0.18095334E-01
  0.10444193E-02
  0.95866503E-03
  0.88557458E-03
  0.11627748E-02
  0.64585569E-03
  0.38329981E-02
  0.11627748E-02
  0.20624718E-04
  0.35376168E-03
  0.95866503E-03
  0.37654138E-04
  0.66385139E-03
  0.60890861E-04
  0.41051730E-03
  0.87932239E-04
  0.22485718E-03
  0.10665393E-03
  0.35157651E-03
  0.10665393E-03
  0.87932239E-04
  0.60890861E-04
  0.12854493E-06
  0.37654138E-04
  0.23468194E-06
  0.20624718E-04
  0.37950637E-06
  0.54804357E-06
  0.66472775E-06
  0.21912241E-05
  0.66472775E-06
  0.54804357E-06
  0.37950637E-06
  0.23468194E-06
  0.12854493E-06
