 -0.10179094E+02
 -0.96004976E+01
 -0.90907739E+01
 -0.86607611E+01
 -0.83291919E+01
 -0.81484224E+01
 -0.79676528E+01
 -0.76360836E+01
 -0.72060709E+01
 -0.70555218E+01
 -0.66963471E+01
 -0.64769257E+01
 -0.61177510E+01
 -0.59672020E+01
 -0.55371892E+01
 -0.52056200E+01
 -0.50248505E+01
 -0.48440809E+01
 -0.47249966E+01
 -0.45125117E+01
 -0.41464005E+01
 -0.40824990E+01
 -0.36366767E+01
 -0.35727752E+01
 -0.32066640E+01
 -0.31500000E+01
 -0.29941791E+01
 -0.28750948E+01
 -0.26943252E+01
 -0.25714039E+01
 -0.25135557E+01
 -0.22800114E+01
 -0.21819865E+01
 -0.20616802E+01
 -0.20306714E+01
 -0.17813313E+01
 -0.17519737E+01
 -0.17014153E+01
 -0.16316674E+01
 -0.14520752E+01
 -0.13000982E+01
 -0.12422500E+01
 -0.12027351E+01
 -0.11916916E+01
 -0.11193287E+01
 -0.94235151E+00
 -0.93855909E+00
 -0.91134271E+00
 -0.76167885E+00
 -0.69301142E+00
 -0.66365388E+00
 -0.60698989E+00
 -0.51233877E+00
 -0.43010965E+00
 -0.33274657E+00
 -0.26299868E+00
 -0.24934008E+00
 -0.18076957E+00
 -0.17697715E+00
 -0.68570514E-01
  0.00000000E+00
  0.68570514E-01
  0.17697715E+00
  0.18076957E+00
  0.24934008E+00
  0.26299868E+00
  0.33274657E+00
  0.43010965E+00
  0.51233877E+00
  0.60698989E+00
  0.66365388E+00
  0.69301142E+00
  0.76167885E+00
  0.91134271E+00
  0.93855909E+00
  0.94235151E+00
  0.11193287E+01
  0.11916916E+01
  0.12027351E+01
  0.12422500E+01
  0.13000982E+01
  0.14520752E+01
  0.16316674E+01
  0.17014153E+01
  0.17519737E+01
  0.17813313E+01
  0.20306714E+01
  0.20616802E+01
  0.21819865E+01
  0.22800114E+01
  0.25135557E+01
  0.25714039E+01
  0.26943252E+01
  0.28750948E+01
  0.29941791E+01
  0.31500000E+01
  0.32066640E+01
  0.35727752E+01
  0.36366767E+01
  0.40824990E+01
  0.41464005E+01
  0.45125117E+01
  0.47249966E+01
  0.48440809E+01
  0.50248505E+01
  0.52056200E+01
  0.55371892E+01
  0.59672020E+01
  0.61177510E+01
  0.64769257E+01
  0.66963471E+01
  0.70555218E+01
  0.72060709E+01
  0.76360836E+01
  0.79676528E+01
  0.81484224E+01
  0.83291919E+01
  0.86607611E+01
  0.90907739E+01
  0.96004976E+01
  0.10179094E+02
