  0.98956750E+00  0.89850229E-02  0.17856897E-03  0.20705655E-03  0.17316141E-03  0.13737149E-03  0.17316141E-03  0.20705655E-03  0.17856897E-03  0.11569371E-03  0.76833622E-04
  0.76833622E-04  0.99130203E+00  0.73522328E-02  0.20705655E-03  0.17316141E-03  0.13737149E-03  0.17316141E-03  0.20705655E-03  0.17856897E-03  0.11569371E-03  0.76833622E-04
  0.76833622E-04  0.11569371E-03  0.99305396E+00  0.56916620E-02  0.17316141E-03  0.13737149E-03  0.17316141E-03  0.20705655E-03  0.17856897E-03  0.11569371E-03  0.76833622E-04
  0.76833622E-04  0.11569371E-03  0.17856897E-03  0.99475117E+00  0.39890470E-02  0.13737149E-03  0.17316141E-03  0.20705655E-03  0.17856897E-03  0.11569371E-03  0.76833622E-04
  0.76833622E-04  0.11569371E-03  0.17856897E-03  0.20705655E-03  0.99618566E+00  0.24848716E-02  0.17316141E-03  0.20705655E-03  0.17856897E-03  0.11569371E-03  0.76833622E-04
  0.76833622E-04  0.11569371E-03  0.17856897E-03  0.20705655E-03  0.17316141E-03  0.99849737E+00  0.17316141E-03  0.20705655E-03  0.17856897E-03  0.11569371E-03  0.76833622E-04
  0.76833622E-04  0.11569371E-03  0.17856897E-03  0.20705655E-03  0.17316141E-03  0.24848716E-02  0.99618566E+00  0.20705655E-03  0.17856897E-03  0.11569371E-03  0.76833622E-04
  0.76833622E-04  0.11569371E-03  0.17856897E-03  0.20705655E-03  0.17316141E-03  0.13737149E-03  0.39890470E-02  0.99475117E+00  0.17856897E-03  0.11569371E-03  0.76833622E-04
  0.76833622E-04  0.11569371E-03  0.17856897E-03  0.20705655E-03  0.17316141E-03  0.13737149E-03  0.17316141E-03  0.56916620E-02  0.99305396E+00  0.11569371E-03  0.76833622E-04
  0.76833622E-04  0.11569371E-03  0.17856897E-03  0.20705655E-03  0.17316141E-03  0.13737149E-03  0.17316141E-03  0.20705655E-03  0.73522328E-02  0.99130203E+00  0.76833622E-04
  0.76833622E-04  0.11569371E-03  0.17856897E-03  0.20705655E-03  0.17316141E-03  0.13737149E-03  0.17316141E-03  0.20705655E-03  0.17856897E-03  0.89850229E-02  0.98956750E+00
