  0.95892325E+00  0.34919682E-01  0.10866774E-02  0.82870273E-03  0.69324084E-03  0.55301018E-03  0.69323951E-03  0.82731802E-03  0.71162504E-03  0.46072890E-03  0.30252352E-03
  0.30252352E-03  0.96566942E+00  0.28725738E-01  0.10600314E-02  0.69383624E-03  0.55301053E-03  0.69323951E-03  0.82731802E-03  0.71162504E-03  0.46072890E-03  0.30252352E-03
  0.30252352E-03  0.46072890E-03  0.97251632E+00  0.22354359E-01  0.81742817E-03  0.55320581E-03  0.69323951E-03  0.82731802E-03  0.71162504E-03  0.46072890E-03  0.30252352E-03
  0.30252352E-03  0.46072890E-03  0.71162504E-03  0.97918173E+00  0.15741600E-01  0.60636057E-03  0.69323951E-03  0.82731802E-03  0.71162504E-03  0.46072890E-03  0.30252352E-03
  0.30252352E-03  0.46072890E-03  0.71162504E-03  0.82731802E-03  0.98483839E+00  0.98639828E-02  0.69323951E-03  0.82731802E-03  0.71162504E-03  0.46072890E-03  0.30252352E-03
  0.30252352E-03  0.46072890E-03  0.71162504E-03  0.82731802E-03  0.69323951E-03  0.99400913E+00  0.69323951E-03  0.82731802E-03  0.71162504E-03  0.46072890E-03  0.30252352E-03
  0.30252352E-03  0.46072890E-03  0.71162504E-03  0.82731802E-03  0.69323951E-03  0.98639828E-02  0.98483839E+00  0.82731802E-03  0.71162504E-03  0.46072890E-03  0.30252352E-03
  0.30252352E-03  0.46072890E-03  0.71162504E-03  0.82731802E-03  0.69323951E-03  0.60636057E-03  0.15741600E-01  0.97918173E+00  0.71162504E-03  0.46072890E-03  0.30252352E-03
  0.30252352E-03  0.46072890E-03  0.71162504E-03  0.82731802E-03  0.69323951E-03  0.55320581E-03  0.81742817E-03  0.22354359E-01  0.97251632E+00  0.46072890E-03  0.30252352E-03
  0.30252352E-03  0.46072890E-03  0.71162504E-03  0.82731802E-03  0.69323951E-03  0.55301053E-03  0.69383624E-03  0.10600314E-02  0.28725738E-01  0.96566942E+00  0.30252352E-03
  0.30252352E-03  0.46072890E-03  0.71162504E-03  0.82731802E-03  0.69323951E-03  0.55301018E-03  0.69324084E-03  0.82870273E-03  0.10866774E-02  0.34919682E-01  0.95892325E+00
