  0.11987062E-03
  0.33585120E-03
  0.14145569E-03
  0.74910681E-03
  0.39632783E-03
  0.13752933E-02
  0.67883394E-02
  0.88399827E-03
  0.20281128E-02
  0.71794745E-02
  0.19019439E-01
  0.16229420E-02
  0.20281128E-02
  0.14145569E-03
  0.42422334E-01
  0.23933145E-02
  0.13752933E-02
  0.84722806E-02
  0.39632783E-03
  0.77883621E-01
  0.23933145E-02
  0.11987062E-03
  0.74910681E-03
  0.88399827E-03
  0.11485315E+00
  0.16229420E-02
  0.33585120E-03
  0.40657762E+00
  0.33585120E-03
  0.16229420E-02
  0.11485315E+00
  0.88399827E-03
  0.74910681E-03
  0.11987062E-03
  0.23933145E-02
  0.77883621E-01
  0.39632783E-03
  0.84722806E-02
  0.13752933E-02
  0.23933145E-02
  0.42422334E-01
  0.14145569E-03
  0.20281128E-02
  0.16229420E-02
  0.19019439E-01
  0.71794745E-02
  0.20281128E-02
  0.88399827E-03
  0.67883394E-02
  0.13752933E-02
  0.39632783E-03
  0.74910681E-03
  0.14145569E-03
  0.33585120E-03
  0.11987062E-03
