 -0.51304575E+01
 -0.43502402E+01
 -0.40391378E+01
 -0.36409174E+01
 -0.32589206E+01
 -0.30167507E+01
 -0.29478182E+01
 -0.25495978E+01
 -0.25036125E+01
 -0.21826393E+01
 -0.21676010E+01
 -0.19254311E+01
 -0.18616660E+01
 -0.18564986E+01
 -0.14582782E+01
 -0.14122929E+01
 -0.13485278E+01
 -0.10913196E+01
 -0.10762813E+01
 -0.83411146E+00
 -0.77034638E+00
 -0.76517894E+00
 -0.72436110E+00
 -0.36695853E+00
 -0.32097325E+00
 -0.25720817E+00
 -0.15038284E-01
  0.00000000E+00
  0.15038284E-01
  0.25720817E+00
  0.32097325E+00
  0.36695853E+00
  0.72436110E+00
  0.76517894E+00
  0.77034638E+00
  0.83411146E+00
  0.10762813E+01
  0.10913196E+01
  0.13485278E+01
  0.14122929E+01
  0.14582782E+01
  0.18564986E+01
  0.18616660E+01
  0.19254311E+01
  0.21676010E+01
  0.21826393E+01
  0.25036125E+01
  0.25495978E+01
  0.29478182E+01
  0.30167507E+01
  0.32589206E+01
  0.36409174E+01
  0.40391378E+01
  0.43502402E+01
  0.51304575E+01
