 -0.83625941E+00  0.79337840E+00  0.24045811E-01  0.13942051E-01  0.14076759E-02  0.19935553E-03  0.12242903E-04  0.19935553E-03  0.00000000E+00  0.14076759E-02  0.00000000E+00  0.16598602E-02  0.00000000E+00  0.00000000E+00  0.00000000E+00  0.00000000E+00  0.00000000E+00  0.00000000E+00  0.00000000E+00  0.00000000E+00  0.00000000E+00  0.00000000E+00  0.00000000E+00  0.00000000E+00  0.69869793E-05  0.00000000E+00  0.00000000E+00
  0.24045811E-01 -0.66926827E-01  0.24045811E-01  0.00000000E+00  0.00000000E+00  0.00000000E+00  0.00000000E+00  0.00000000E+00  0.13942051E-01  0.00000000E+00  0.14076759E-02  0.00000000E+00  0.19935553E-03  0.12242903E-04  0.19935553E-03  0.00000000E+00  0.14076759E-02  0.00000000E+00  0.16598602E-02  0.00000000E+00  0.00000000E+00  0.00000000E+00  0.00000000E+00  0.00000000E+00  0.00000000E+00  0.69869793E-05  0.00000000E+00
  0.24045811E-01  0.79337840E+00 -0.83625941E+00  0.00000000E+00  0.00000000E+00  0.00000000E+00  0.00000000E+00  0.00000000E+00  0.00000000E+00  0.00000000E+00  0.00000000E+00  0.00000000E+00  0.00000000E+00  0.00000000E+00  0.00000000E+00  0.13942051E-01  0.00000000E+00  0.14076759E-02  0.00000000E+00  0.19935553E-03  0.12242903E-04  0.19935553E-03  0.14076759E-02  0.16598602E-02  0.00000000E+00  0.00000000E+00  0.69869793E-05
  0.69869793E-05  0.00000000E+00  0.00000000E+00 -0.83312069E+00  0.12204020E-01  0.19935553E-03  0.12242903E-04  0.19935553E-03  0.79337840E+00  0.14076759E-02  0.00000000E+00  0.16598602E-02  0.00000000E+00  0.00000000E+00  0.00000000E+00  0.24045811E-01  0.00000000E+00  0.00000000E+00  0.00000000E+00  0.00000000E+00  0.00000000E+00  0.00000000E+00  0.00000000E+00  0.00000000E+00  0.69869793E-05  0.00000000E+00  0.00000000E+00
  0.69869793E-05  0.00000000E+00  0.00000000E+00  0.16598602E-02 -0.83226367E+00  0.98864960E-02  0.12242903E-04  0.19935553E-03  0.00000000E+00  0.14076759E-02  0.79337840E+00  0.16598602E-02  0.00000000E+00  0.00000000E+00  0.00000000E+00  0.00000000E+00  0.00000000E+00  0.24045811E-01  0.00000000E+00  0.00000000E+00  0.00000000E+00  0.00000000E+00  0.00000000E+00  0.00000000E+00  0.69869793E-05  0.00000000E+00  0.00000000E+00
  0.69869793E-05  0.00000000E+00  0.00000000E+00  0.16598602E-02  0.14076759E-02 -0.83317485E+00  0.94022432E-02  0.19935553E-03  0.00000000E+00  0.14076759E-02  0.00000000E+00  0.16598602E-02  0.79337840E+00  0.00000000E+00  0.00000000E+00  0.00000000E+00  0.00000000E+00  0.00000000E+00  0.00000000E+00  0.24045811E-01  0.00000000E+00  0.00000000E+00  0.00000000E+00  0.00000000E+00  0.69869793E-05  0.00000000E+00  0.00000000E+00
  0.69869793E-05  0.00000000E+00  0.00000000E+00  0.16598602E-02  0.14076759E-02  0.19935553E-03 -0.82397196E+00  0.19935553E-03  0.00000000E+00  0.14076759E-02  0.00000000E+00  0.16598602E-02  0.00000000E+00  0.79337840E+00  0.00000000E+00  0.00000000E+00  0.00000000E+00  0.00000000E+00  0.00000000E+00  0.00000000E+00  0.24045811E-01  0.00000000E+00  0.00000000E+00  0.00000000E+00  0.69869793E-05  0.00000000E+00  0.00000000E+00
  0.69869793E-05  0.00000000E+00  0.00000000E+00  0.16598602E-02  0.14076759E-02  0.19935553E-03  0.94022432E-02 -0.83317485E+00  0.00000000E+00  0.14076759E-02  0.00000000E+00  0.16598602E-02  0.00000000E+00  0.00000000E+00  0.79337840E+00  0.00000000E+00  0.00000000E+00  0.00000000E+00  0.00000000E+00  0.00000000E+00  0.00000000E+00  0.24045811E-01  0.00000000E+00  0.00000000E+00  0.69869793E-05  0.00000000E+00  0.00000000E+00
  0.00000000E+00  0.69869793E-05  0.00000000E+00  0.24045811E-01  0.00000000E+00  0.00000000E+00  0.00000000E+00  0.00000000E+00 -0.63788107E-01  0.00000000E+00  0.12204020E-01  0.00000000E+00  0.19935553E-03  0.12242903E-04  0.19935553E-03  0.24045811E-01  0.14076759E-02  0.00000000E+00  0.16598602E-02  0.00000000E+00  0.00000000E+00  0.00000000E+00  0.00000000E+00  0.00000000E+00  0.00000000E+00  0.69869793E-05  0.00000000E+00
  0.69869793E-05  0.00000000E+00  0.00000000E+00  0.16598602E-02  0.14076759E-02  0.19935553E-03  0.12242903E-04  0.98864960E-02  0.00000000E+00 -0.83226367E+00  0.00000000E+00  0.16598602E-02  0.00000000E+00  0.00000000E+00  0.00000000E+00  0.00000000E+00  0.79337840E+00  0.00000000E+00  0.00000000E+00  0.00000000E+00  0.00000000E+00  0.00000000E+00  0.24045811E-01  0.00000000E+00  0.69869793E-05  0.00000000E+00  0.00000000E+00
  0.00000000E+00  0.69869793E-05  0.00000000E+00  0.00000000E+00  0.24045811E-01  0.00000000E+00  0.00000000E+00  0.00000000E+00  0.16598602E-02  0.00000000E+00 -0.62931087E-01  0.00000000E+00  0.98864960E-02  0.12242903E-04  0.19935553E-03  0.00000000E+00  0.14076759E-02  0.24045811E-01  0.16598602E-02  0.00000000E+00  0.00000000E+00  0.00000000E+00  0.00000000E+00  0.00000000E+00  0.00000000E+00  0.69869793E-05  0.00000000E+00
  0.69869793E-05  0.00000000E+00  0.00000000E+00  0.16598602E-02  0.14076759E-02  0.19935553E-03  0.12242903E-04  0.19935553E-03  0.00000000E+00  0.12204020E-01  0.00000000E+00 -0.83312069E+00  0.00000000E+00  0.00000000E+00  0.00000000E+00  0.00000000E+00  0.00000000E+00  0.00000000E+00  0.79337840E+00  0.00000000E+00  0.00000000E+00  0.00000000E+00  0.00000000E+00  0.24045811E-01  0.69869793E-05  0.00000000E+00  0.00000000E+00
  0.00000000E+00  0.69869793E-05  0.00000000E+00  0.00000000E+00  0.00000000E+00  0.24045811E-01  0.00000000E+00  0.00000000E+00  0.16598602E-02  0.00000000E+00  0.14076759E-02  0.00000000E+00 -0.63842268E-01  0.94022432E-02  0.19935553E-03  0.00000000E+00  0.14076759E-02  0.00000000E+00  0.16598602E-02  0.24045811E-01  0.00000000E+00  0.00000000E+00  0.00000000E+00  0.00000000E+00  0.00000000E+00  0.69869793E-05  0.00000000E+00
  0.00000000E+00  0.69869793E-05  0.00000000E+00  0.00000000E+00  0.00000000E+00  0.00000000E+00  0.24045811E-01  0.00000000E+00  0.16598602E-02  0.00000000E+00  0.14076759E-02  0.00000000E+00  0.19935553E-03 -0.54639380E-01  0.19935553E-03  0.00000000E+00  0.14076759E-02  0.00000000E+00  0.16598602E-02  0.00000000E+00  0.24045811E-01  0.00000000E+00  0.00000000E+00  0.00000000E+00  0.00000000E+00  0.69869793E-05  0.00000000E+00
  0.00000000E+00  0.69869793E-05  0.00000000E+00  0.00000000E+00  0.00000000E+00  0.00000000E+00  0.00000000E+00  0.24045811E-01  0.16598602E-02  0.00000000E+00  0.14076759E-02  0.00000000E+00  0.19935553E-03  0.94022432E-02 -0.63842268E-01  0.00000000E+00  0.14076759E-02  0.00000000E+00  0.16598602E-02  0.00000000E+00  0.00000000E+00  0.24045811E-01  0.00000000E+00  0.00000000E+00  0.00000000E+00  0.69869793E-05  0.00000000E+00
  0.00000000E+00  0.00000000E+00  0.69869793E-05  0.24045811E-01  0.00000000E+00  0.00000000E+00  0.00000000E+00  0.00000000E+00  0.79337840E+00  0.00000000E+00  0.00000000E+00  0.00000000E+00  0.00000000E+00  0.00000000E+00  0.00000000E+00 -0.83312069E+00  0.00000000E+00  0.12204020E-01  0.00000000E+00  0.19935553E-03  0.12242903E-04  0.19935553E-03  0.14076759E-02  0.16598602E-02  0.00000000E+00  0.00000000E+00  0.69869793E-05
  0.00000000E+00  0.69869793E-05  0.00000000E+00  0.00000000E+00  0.00000000E+00  0.00000000E+00  0.00000000E+00  0.00000000E+00  0.16598602E-02  0.24045811E-01  0.14076759E-02  0.00000000E+00  0.19935553E-03  0.12242903E-04  0.98864960E-02  0.00000000E+00 -0.62931087E-01  0.00000000E+00  0.16598602E-02  0.00000000E+00  0.00000000E+00  0.00000000E+00  0.24045811E-01  0.00000000E+00  0.00000000E+00  0.69869793E-05  0.00000000E+00
  0.00000000E+00  0.00000000E+00  0.69869793E-05  0.00000000E+00  0.24045811E-01  0.00000000E+00  0.00000000E+00  0.00000000E+00  0.00000000E+00  0.00000000E+00  0.79337840E+00  0.00000000E+00  0.00000000E+00  0.00000000E+00  0.00000000E+00  0.16598602E-02  0.00000000E+00 -0.83226367E+00  0.00000000E+00  0.98864960E-02  0.12242903E-04  0.19935553E-03  0.14076759E-02  0.16598602E-02  0.00000000E+00  0.00000000E+00  0.69869793E-05
  0.00000000E+00  0.69869793E-05  0.00000000E+00  0.00000000E+00  0.00000000E+00  0.00000000E+00  0.00000000E+00  0.00000000E+00  0.16598602E-02  0.00000000E+00  0.14076759E-02  0.24045811E-01  0.19935553E-03  0.12242903E-04  0.19935553E-03  0.00000000E+00  0.12204020E-01  0.00000000E+00 -0.63788107E-01  0.00000000E+00  0.00000000E+00  0.00000000E+00  0.00000000E+00  0.24045811E-01  0.00000000E+00  0.69869793E-05  0.00000000E+00
  0.00000000E+00  0.00000000E+00  0.69869793E-05  0.00000000E+00  0.00000000E+00  0.24045811E-01  0.00000000E+00  0.00000000E+00  0.00000000E+00  0.00000000E+00  0.00000000E+00  0.00000000E+00  0.79337840E+00  0.00000000E+00  0.00000000E+00  0.16598602E-02  0.00000000E+00  0.14076759E-02  0.00000000E+00 -0.83317485E+00  0.94022432E-02  0.19935553E-03  0.14076759E-02  0.16598602E-02  0.00000000E+00  0.00000000E+00  0.69869793E-05
  0.00000000E+00  0.00000000E+00  0.69869793E-05  0.00000000E+00  0.00000000E+00  0.00000000E+00  0.24045811E-01  0.00000000E+00  0.00000000E+00  0.00000000E+00  0.00000000E+00  0.00000000E+00  0.00000000E+00  0.79337840E+00  0.00000000E+00  0.16598602E-02  0.00000000E+00  0.14076759E-02  0.00000000E+00  0.19935553E-03 -0.82397196E+00  0.19935553E-03  0.14076759E-02  0.16598602E-02  0.00000000E+00  0.00000000E+00  0.69869793E-05
  0.00000000E+00  0.00000000E+00  0.69869793E-05  0.00000000E+00  0.00000000E+00  0.00000000E+00  0.00000000E+00  0.24045811E-01  0.00000000E+00  0.00000000E+00  0.00000000E+00  0.00000000E+00  0.00000000E+00  0.00000000E+00  0.79337840E+00  0.16598602E-02  0.00000000E+00  0.14076759E-02  0.00000000E+00  0.19935553E-03  0.94022432E-02 -0.83317485E+00  0.14076759E-02  0.16598602E-02  0.00000000E+00  0.00000000E+00  0.69869793E-05
  0.00000000E+00  0.00000000E+00  0.69869793E-05  0.00000000E+00  0.00000000E+00  0.00000000E+00  0.00000000E+00  0.00000000E+00  0.00000000E+00  0.24045811E-01  0.00000000E+00  0.00000000E+00  0.00000000E+00  0.00000000E+00  0.00000000E+00  0.16598602E-02  0.79337840E+00  0.14076759E-02  0.00000000E+00  0.19935553E-03  0.12242903E-04  0.98864960E-02 -0.83226367E+00  0.16598602E-02  0.00000000E+00  0.00000000E+00  0.69869793E-05
  0.00000000E+00  0.00000000E+00  0.69869793E-05  0.00000000E+00  0.00000000E+00  0.00000000E+00  0.00000000E+00  0.00000000E+00  0.00000000E+00  0.00000000E+00  0.00000000E+00  0.24045811E-01  0.00000000E+00  0.00000000E+00  0.00000000E+00  0.16598602E-02  0.00000000E+00  0.14076759E-02  0.79337840E+00  0.19935553E-03  0.12242903E-04  0.19935553E-03  0.12204020E-01 -0.83312069E+00  0.00000000E+00  0.00000000E+00  0.69869793E-05
  0.69869793E-05  0.00000000E+00  0.00000000E+00  0.16598602E-02  0.14076759E-02  0.19935553E-03  0.12242903E-04  0.19935553E-03  0.00000000E+00  0.14076759E-02  0.00000000E+00  0.13942051E-01  0.00000000E+00  0.00000000E+00  0.00000000E+00  0.00000000E+00  0.00000000E+00  0.00000000E+00  0.00000000E+00  0.00000000E+00  0.00000000E+00  0.00000000E+00  0.00000000E+00  0.00000000E+00 -0.83625941E+00  0.79337840E+00  0.24045811E-01
  0.00000000E+00  0.69869793E-05  0.00000000E+00  0.00000000E+00  0.00000000E+00  0.00000000E+00  0.00000000E+00  0.00000000E+00  0.16598602E-02  0.00000000E+00  0.14076759E-02  0.00000000E+00  0.19935553E-03  0.12242903E-04  0.19935553E-03  0.00000000E+00  0.14076759E-02  0.00000000E+00  0.13942051E-01  0.00000000E+00  0.00000000E+00  0.00000000E+00  0.00000000E+00  0.00000000E+00  0.24045811E-01 -0.66926827E-01  0.24045811E-01
  0.00000000E+00  0.00000000E+00  0.69869793E-05  0.00000000E+00  0.00000000E+00  0.00000000E+00  0.00000000E+00  0.00000000E+00  0.00000000E+00  0.00000000E+00  0.00000000E+00  0.00000000E+00  0.00000000E+00  0.00000000E+00  0.00000000E+00  0.16598602E-02  0.00000000E+00  0.14076759E-02  0.00000000E+00  0.19935553E-03  0.12242903E-04  0.19935553E-03  0.14076759E-02  0.13942051E-01  0.24045811E-01  0.79337840E+00 -0.83625941E+00
