  0.39864506E+00  0.56551277E+00  0.17139632E-01  0.55920711E-02  0.59112294E-03  0.82606754E-04  0.55360926E-05  0.82574279E-04  0.79328402E-02  0.57109828E-03  0.83855941E-03  0.66994320E-03  0.11718488E-03  0.78534299E-05  0.11713881E-03  0.24042951E-03  0.81015269E-03  0.25415163E-04  0.95037282E-03  0.35516540E-05  0.23802273E-06  0.35502577E-05  0.24554209E-04  0.28804018E-04  0.28184175E-05  0.39981708E-05  0.12117706E-06
  0.17139632E-01  0.94701820E+00  0.17139632E-01  0.24042951E-03  0.25415163E-04  0.35516540E-05  0.23802273E-06  0.35502577E-05  0.13284482E-01  0.24554209E-04  0.14042672E-02  0.28804018E-04  0.19623998E-03  0.13151500E-04  0.19616283E-03  0.24042951E-03  0.13566968E-02  0.25415163E-04  0.15915120E-02  0.35516540E-05  0.23802273E-06  0.35502577E-05  0.24554209E-04  0.28804018E-04  0.12117706E-06  0.66954113E-05  0.12117706E-06
  0.17139632E-01  0.56551277E+00  0.39864506E+00  0.24042951E-03  0.25415163E-04  0.35516540E-05  0.23802273E-06  0.35502577E-05  0.79328402E-02  0.24554209E-04  0.83855941E-03  0.28804018E-04  0.11718488E-03  0.78534299E-05  0.11713881E-03  0.55920711E-02  0.81015269E-03  0.59112294E-03  0.95037282E-03  0.82606754E-04  0.55360926E-05  0.82574279E-04  0.57109828E-03  0.66994320E-03  0.12117706E-06  0.39981708E-05  0.28184175E-05
  0.28184175E-05  0.39981708E-05  0.12117706E-06  0.39990765E+00  0.49019991E-02  0.98375661E-04  0.55609207E-05  0.82574279E-04  0.56730385E+00  0.57109828E-03  0.69539129E-02  0.66994320E-03  0.13955445E-03  0.78886507E-05  0.11713881E-03  0.17193916E-01  0.81015269E-03  0.21076006E-03  0.95037282E-03  0.42296336E-05  0.23909021E-06  0.35502577E-05  0.24554209E-04  0.28804018E-04  0.28184175E-05  0.39981708E-05  0.12117706E-06
  0.28184175E-05  0.39981708E-05  0.12117706E-06  0.66994320E-03  0.40025375E+00  0.39705818E-02  0.19303997E-04  0.82574279E-04  0.95037282E-03  0.57109828E-03  0.56779484E+00  0.66994320E-03  0.56326163E-02  0.27384402E-04  0.11713881E-03  0.28804018E-04  0.81015269E-03  0.17208797E-01  0.95037282E-03  0.17071404E-03  0.82996988E-06  0.35502577E-05  0.24554209E-04  0.28804018E-04  0.28184175E-05  0.39981708E-05  0.12117706E-06
  0.28184175E-05  0.39981708E-05  0.12117706E-06  0.66994320E-03  0.57109828E-03  0.39988449E+00  0.37880520E-02  0.82574279E-04  0.95037282E-03  0.57109828E-03  0.81015269E-03  0.66994320E-03  0.56727100E+00  0.53736819E-02  0.11713881E-03  0.28804018E-04  0.81015269E-03  0.24554209E-04  0.95037282E-03  0.17192920E-01  0.16286622E-03  0.35502577E-05  0.24554209E-04  0.28804018E-04  0.28184175E-05  0.39981708E-05  0.12117706E-06
  0.28184175E-05  0.39981708E-05  0.12117706E-06  0.66994320E-03  0.57109828E-03  0.82574279E-04  0.40358997E+00  0.82574279E-04  0.95037282E-03  0.57109828E-03  0.81015269E-03  0.66994320E-03  0.11713881E-03  0.57252754E+00  0.11713881E-03  0.28804018E-04  0.81015269E-03  0.24554209E-04  0.95037282E-03  0.35502577E-05  0.17352236E-01  0.35502577E-05  0.24554209E-04  0.28804018E-04  0.28184175E-05  0.39981708E-05  0.12117706E-06
  0.28184175E-05  0.39981708E-05  0.12117706E-06  0.66994320E-03  0.57109828E-03  0.82574279E-04  0.37880520E-02  0.39988449E+00  0.95037282E-03  0.57109828E-03  0.81015269E-03  0.66994320E-03  0.11713881E-03  0.53736819E-02  0.56727100E+00  0.28804018E-04  0.81015269E-03  0.24554209E-04  0.95037282E-03  0.35502577E-05  0.16286622E-03  0.17192920E-01  0.24554209E-04  0.28804018E-04  0.28184175E-05  0.39981708E-05  0.12117706E-06
  0.12117706E-06  0.66954113E-05  0.12117706E-06  0.17193916E-01  0.21076006E-03  0.42296336E-05  0.23909021E-06  0.35502577E-05  0.95001758E+00  0.24554209E-04  0.11645152E-01  0.28804018E-04  0.23370048E-03  0.13210481E-04  0.19616283E-03  0.17193916E-01  0.13566968E-02  0.21076006E-03  0.15915120E-02  0.42296336E-05  0.23909021E-06  0.35502577E-05  0.24554209E-04  0.28804018E-04  0.12117706E-06  0.66954113E-05  0.12117706E-06
  0.28184175E-05  0.39981708E-05  0.12117706E-06  0.66994320E-03  0.57109828E-03  0.82574279E-04  0.19303997E-04  0.39705818E-02  0.95037282E-03  0.40025375E+00  0.81015269E-03  0.66994320E-03  0.11713881E-03  0.27384402E-04  0.56326163E-02  0.28804018E-04  0.56779484E+00  0.24554209E-04  0.95037282E-03  0.35502577E-05  0.82996988E-06  0.17071404E-03  0.17208797E-01  0.28804018E-04  0.28184175E-05  0.39981708E-05  0.12117706E-06
  0.12117706E-06  0.66954113E-05  0.12117706E-06  0.28804018E-04  0.17208797E-01  0.17071404E-03  0.82996988E-06  0.35502577E-05  0.15915120E-02  0.24554209E-04  0.95083979E+00  0.28804018E-04  0.94324841E-02  0.45858430E-04  0.19616283E-03  0.28804018E-04  0.13566968E-02  0.17208797E-01  0.15915120E-02  0.17071404E-03  0.82996988E-06  0.35502577E-05  0.24554209E-04  0.28804018E-04  0.12117706E-06  0.66954113E-05  0.12117706E-06
  0.28184175E-05  0.39981708E-05  0.12117706E-06  0.66994320E-03  0.57109828E-03  0.82574279E-04  0.55609207E-05  0.98375661E-04  0.95037282E-03  0.49019991E-02  0.81015269E-03  0.39990765E+00  0.11713881E-03  0.78886507E-05  0.13955445E-03  0.28804018E-04  0.69539129E-02  0.24554209E-04  0.56730385E+00  0.35502577E-05  0.23909021E-06  0.42296336E-05  0.21076006E-03  0.17193916E-01  0.28184175E-05  0.39981708E-05  0.12117706E-06
  0.12117706E-06  0.66954113E-05  0.12117706E-06  0.28804018E-04  0.24554209E-04  0.17192920E-01  0.16286622E-03  0.35502577E-05  0.15915120E-02  0.24554209E-04  0.13566968E-02  0.28804018E-04  0.94996257E+00  0.89988677E-02  0.19616283E-03  0.28804018E-04  0.13566968E-02  0.24554209E-04  0.15915120E-02  0.17192920E-01  0.16286622E-03  0.35502577E-05  0.24554209E-04  0.28804018E-04  0.12117706E-06  0.66954113E-05  0.12117706E-06
  0.12117706E-06  0.66954113E-05  0.12117706E-06  0.28804018E-04  0.24554209E-04  0.35502577E-05  0.17352236E-01  0.35502577E-05  0.15915120E-02  0.24554209E-04  0.13566968E-02  0.28804018E-04  0.19616283E-03  0.95876527E+00  0.19616283E-03  0.28804018E-04  0.13566968E-02  0.24554209E-04  0.15915120E-02  0.35502577E-05  0.17352236E-01  0.35502577E-05  0.24554209E-04  0.28804018E-04  0.12117706E-06  0.66954113E-05  0.12117706E-06
  0.12117706E-06  0.66954113E-05  0.12117706E-06  0.28804018E-04  0.24554209E-04  0.35502577E-05  0.16286622E-03  0.17192920E-01  0.15915120E-02  0.24554209E-04  0.13566968E-02  0.28804018E-04  0.19616283E-03  0.89988677E-02  0.94996257E+00  0.28804018E-04  0.13566968E-02  0.24554209E-04  0.15915120E-02  0.35502577E-05  0.16286622E-03  0.17192920E-01  0.24554209E-04  0.28804018E-04  0.12117706E-06  0.66954113E-05  0.12117706E-06
  0.12117706E-06  0.39981708E-05  0.28184175E-05  0.17193916E-01  0.21076006E-03  0.42296336E-05  0.23909021E-06  0.35502577E-05  0.56730385E+00  0.24554209E-04  0.69539129E-02  0.28804018E-04  0.13955445E-03  0.78886507E-05  0.11713881E-03  0.39990765E+00  0.81015269E-03  0.49019991E-02  0.95037282E-03  0.98375661E-04  0.55609207E-05  0.82574279E-04  0.57109828E-03  0.66994320E-03  0.12117706E-06  0.39981708E-05  0.28184175E-05
  0.12117706E-06  0.66954113E-05  0.12117706E-06  0.28804018E-04  0.24554209E-04  0.35502577E-05  0.82996988E-06  0.17071404E-03  0.15915120E-02  0.17208797E-01  0.13566968E-02  0.28804018E-04  0.19616283E-03  0.45858430E-04  0.94324841E-02  0.28804018E-04  0.95083979E+00  0.24554209E-04  0.15915120E-02  0.35502577E-05  0.82996988E-06  0.17071404E-03  0.17208797E-01  0.28804018E-04  0.12117706E-06  0.66954113E-05  0.12117706E-06
  0.12117706E-06  0.39981708E-05  0.28184175E-05  0.28804018E-04  0.17208797E-01  0.17071404E-03  0.82996988E-06  0.35502577E-05  0.95037282E-03  0.24554209E-04  0.56779484E+00  0.28804018E-04  0.56326163E-02  0.27384402E-04  0.11713881E-03  0.66994320E-03  0.81015269E-03  0.40025375E+00  0.95037282E-03  0.39705818E-02  0.19303997E-04  0.82574279E-04  0.57109828E-03  0.66994320E-03  0.12117706E-06  0.39981708E-05  0.28184175E-05
  0.12117706E-06  0.66954113E-05  0.12117706E-06  0.28804018E-04  0.24554209E-04  0.35502577E-05  0.23909021E-06  0.42296336E-05  0.15915120E-02  0.21076006E-03  0.13566968E-02  0.17193916E-01  0.19616283E-03  0.13210481E-04  0.23370048E-03  0.28804018E-04  0.11645152E-01  0.24554209E-04  0.95001758E+00  0.35502577E-05  0.23909021E-06  0.42296336E-05  0.21076006E-03  0.17193916E-01  0.12117706E-06  0.66954113E-05  0.12117706E-06
  0.12117706E-06  0.39981708E-05  0.28184175E-05  0.28804018E-04  0.24554209E-04  0.17192920E-01  0.16286622E-03  0.35502577E-05  0.95037282E-03  0.24554209E-04  0.81015269E-03  0.28804018E-04  0.56727100E+00  0.53736819E-02  0.11713881E-03  0.66994320E-03  0.81015269E-03  0.57109828E-03  0.95037282E-03  0.39988449E+00  0.37880520E-02  0.82574279E-04  0.57109828E-03  0.66994320E-03  0.12117706E-06  0.39981708E-05  0.28184175E-05
  0.12117706E-06  0.39981708E-05  0.28184175E-05  0.28804018E-04  0.24554209E-04  0.35502577E-05  0.17352236E-01  0.35502577E-05  0.95037282E-03  0.24554209E-04  0.81015269E-03  0.28804018E-04  0.11713881E-03  0.57252754E+00  0.11713881E-03  0.66994320E-03  0.81015269E-03  0.57109828E-03  0.95037282E-03  0.82574279E-04  0.40358997E+00  0.82574279E-04  0.57109828E-03  0.66994320E-03  0.12117706E-06  0.39981708E-05  0.28184175E-05
  0.12117706E-06  0.39981708E-05  0.28184175E-05  0.28804018E-04  0.24554209E-04  0.35502577E-05  0.16286622E-03  0.17192920E-01  0.95037282E-03  0.24554209E-04  0.81015269E-03  0.28804018E-04  0.11713881E-03  0.53736819E-02  0.56727100E+00  0.66994320E-03  0.81015269E-03  0.57109828E-03  0.95037282E-03  0.82574279E-04  0.37880520E-02  0.39988449E+00  0.57109828E-03  0.66994320E-03  0.12117706E-06  0.39981708E-05  0.28184175E-05
  0.12117706E-06  0.39981708E-05  0.28184175E-05  0.28804018E-04  0.24554209E-04  0.35502577E-05  0.82996988E-06  0.17071404E-03  0.95037282E-03  0.17208797E-01  0.81015269E-03  0.28804018E-04  0.11713881E-03  0.27384402E-04  0.56326163E-02  0.66994320E-03  0.56779484E+00  0.57109828E-03  0.95037282E-03  0.82574279E-04  0.19303997E-04  0.39705818E-02  0.40025375E+00  0.66994320E-03  0.12117706E-06  0.39981708E-05  0.28184175E-05
  0.12117706E-06  0.39981708E-05  0.28184175E-05  0.28804018E-04  0.24554209E-04  0.35502577E-05  0.23909021E-06  0.42296336E-05  0.95037282E-03  0.21076006E-03  0.81015269E-03  0.17193916E-01  0.11713881E-03  0.78886507E-05  0.13955445E-03  0.66994320E-03  0.69539129E-02  0.57109828E-03  0.56730385E+00  0.82574279E-04  0.55609207E-05  0.98375661E-04  0.49019991E-02  0.39990765E+00  0.12117706E-06  0.39981708E-05  0.28184175E-05
  0.28184175E-05  0.39981708E-05  0.12117706E-06  0.66994320E-03  0.57109828E-03  0.82574279E-04  0.55360926E-05  0.82606754E-04  0.95037282E-03  0.59112294E-03  0.81015269E-03  0.55920711E-02  0.11713881E-03  0.78534299E-05  0.11718488E-03  0.28804018E-04  0.83855941E-03  0.24554209E-04  0.79328402E-02  0.35502577E-05  0.23802273E-06  0.35516540E-05  0.25415163E-04  0.24042951E-03  0.39864506E+00  0.56551277E+00  0.17139632E-01
  0.12117706E-06  0.66954113E-05  0.12117706E-06  0.28804018E-04  0.24554209E-04  0.35502577E-05  0.23802273E-06  0.35516540E-05  0.15915120E-02  0.25415163E-04  0.13566968E-02  0.24042951E-03  0.19616283E-03  0.13151500E-04  0.19623998E-03  0.28804018E-04  0.14042672E-02  0.24554209E-04  0.13284482E-01  0.35502577E-05  0.23802273E-06  0.35516540E-05  0.25415163E-04  0.24042951E-03  0.17139632E-01  0.94701820E+00  0.17139632E-01
  0.12117706E-06  0.39981708E-05  0.28184175E-05  0.28804018E-04  0.24554209E-04  0.35502577E-05  0.23802273E-06  0.35516540E-05  0.95037282E-03  0.25415163E-04  0.81015269E-03  0.24042951E-03  0.11713881E-03  0.78534299E-05  0.11718488E-03  0.66994320E-03  0.83855941E-03  0.57109828E-03  0.79328402E-02  0.82574279E-04  0.55360926E-05  0.82606754E-04  0.59112294E-03  0.55920711E-02  0.17139632E-01  0.56551277E+00  0.39864506E+00
