 -0.51748181E-01  0.45190448E-01  0.42710447E-04  0.30794440E-03  0.94655301E-03  0.13386702E-02  0.12837095E-02  0.13386702E-02  0.94655301E-03  0.30794440E-03  0.42710447E-04  0.22285373E-05  0.38665927E-07
  0.38665927E-07 -0.44412143E-01  0.37897082E-01  0.30794440E-03  0.94655301E-03  0.13386702E-02  0.12837095E-02  0.13386702E-02  0.94655301E-03  0.30794440E-03  0.42710447E-04  0.22285373E-05  0.38665927E-07
  0.38665927E-07  0.22285373E-05 -0.37046845E-01  0.30837500E-01  0.94655301E-03  0.13386702E-02  0.12837095E-02  0.13386702E-02  0.94655301E-03  0.30794440E-03  0.42710447E-04  0.22285373E-05  0.38665927E-07
  0.38665927E-07  0.22285373E-05  0.42710447E-04 -0.29476923E-01  0.24171420E-01  0.13386702E-02  0.12837095E-02  0.13386702E-02  0.94655301E-03  0.30794440E-03  0.42710447E-04  0.22285373E-05  0.38665927E-07
  0.38665927E-07  0.22285373E-05  0.42710447E-04  0.30794440E-03 -0.21595733E-01  0.17320956E-01  0.12837095E-02  0.13386702E-02  0.94655301E-03  0.30794440E-03  0.42710447E-04  0.22285373E-05  0.38665927E-07
  0.38665927E-07  0.22285373E-05  0.42710447E-04  0.30794440E-03  0.94655301E-03 -0.14611330E-01  0.10673710E-01  0.13386702E-02  0.94655301E-03  0.30794440E-03  0.42710447E-04  0.22285373E-05  0.38665927E-07
  0.38665927E-07  0.22285373E-05  0.42710447E-04  0.30794440E-03  0.94655301E-03  0.13386702E-02 -0.52762906E-02  0.13386702E-02  0.94655301E-03  0.30794440E-03  0.42710447E-04  0.22285373E-05  0.38665927E-07
  0.38665927E-07  0.22285373E-05  0.42710447E-04  0.30794440E-03  0.94655301E-03  0.13386702E-02  0.10673710E-01 -0.14611330E-01  0.94655301E-03  0.30794440E-03  0.42710447E-04  0.22285373E-05  0.38665927E-07
  0.38665927E-07  0.22285373E-05  0.42710447E-04  0.30794440E-03  0.94655301E-03  0.13386702E-02  0.12837095E-02  0.17320956E-01 -0.21595733E-01  0.30794440E-03  0.42710447E-04  0.22285373E-05  0.38665927E-07
  0.38665927E-07  0.22285373E-05  0.42710447E-04  0.30794440E-03  0.94655301E-03  0.13386702E-02  0.12837095E-02  0.13386702E-02  0.24171420E-01 -0.29476923E-01  0.42710447E-04  0.22285373E-05  0.38665927E-07
  0.38665927E-07  0.22285373E-05  0.42710447E-04  0.30794440E-03  0.94655301E-03  0.13386702E-02  0.12837095E-02  0.13386702E-02  0.94655301E-03  0.30837500E-01 -0.37046845E-01  0.22285373E-05  0.38665927E-07
  0.38665927E-07  0.22285373E-05  0.42710447E-04  0.30794440E-03  0.94655301E-03  0.13386702E-02  0.12837095E-02  0.13386702E-02  0.94655301E-03  0.30794440E-03  0.37897082E-01 -0.44412143E-01  0.38665927E-07
  0.38665927E-07  0.22285373E-05  0.42710447E-04  0.30794440E-03  0.94655301E-03  0.13386702E-02  0.12837095E-02  0.13386702E-02  0.94655301E-03  0.30794440E-03  0.42710447E-04  0.45190448E-01 -0.51748181E-01
