  0.94924739E+00  0.43580427E-01  0.66944902E-03  0.30823629E-03  0.94124676E-03  0.13363284E-02  0.12899650E-02  0.13363284E-02  0.94124202E-03  0.30500562E-03  0.42151280E-04  0.21923389E-05  0.37922042E-07
  0.37922042E-07  0.95632210E+00  0.36751321E-01  0.73038368E-03  0.94290551E-03  0.13363301E-02  0.12899650E-02  0.13363284E-02  0.94124202E-03  0.30500562E-03  0.42151280E-04  0.21923389E-05  0.37922042E-07
  0.37922042E-07  0.21923389E-05  0.96346528E+00  0.30075351E-01  0.12031862E-02  0.13370320E-02  0.12899655E-02  0.13363284E-02  0.94124202E-03  0.30500562E-03  0.42151280E-04  0.21923389E-05  0.37922042E-07
  0.37922042E-07  0.21923389E-05  0.42151280E-04  0.97085117E+00  0.23713368E-01  0.14739439E-02  0.12901819E-02  0.13363284E-02  0.94124202E-03  0.30500562E-03  0.42151280E-04  0.21923389E-05  0.37922042E-07
  0.37922042E-07  0.21923389E-05  0.42151280E-04  0.30500562E-03  0.97858880E+00  0.17089035E-01  0.13458209E-02  0.13363284E-02  0.94124202E-03  0.30500562E-03  0.42151280E-04  0.21923389E-05  0.37922042E-07
  0.37922042E-07  0.21923389E-05  0.42151280E-04  0.30500562E-03  0.94124202E-03  0.98548148E+00  0.10600938E-01  0.13363284E-02  0.94124202E-03  0.30500562E-03  0.42151280E-04  0.21923389E-05  0.37922042E-07
  0.37922042E-07  0.21923389E-05  0.42151280E-04  0.30500562E-03  0.94124202E-03  0.13363284E-02  0.99474608E+00  0.13363284E-02  0.94124202E-03  0.30500562E-03  0.42151280E-04  0.21923389E-05  0.37922042E-07
  0.37922042E-07  0.21923389E-05  0.42151280E-04  0.30500562E-03  0.94124202E-03  0.13363284E-02  0.10600938E-01  0.98548148E+00  0.94124202E-03  0.30500562E-03  0.42151280E-04  0.21923389E-05  0.37922042E-07
  0.37922042E-07  0.21923389E-05  0.42151280E-04  0.30500562E-03  0.94124202E-03  0.13363284E-02  0.13458209E-02  0.17089035E-01  0.97858880E+00  0.30500562E-03  0.42151280E-04  0.21923389E-05  0.37922042E-07
  0.37922042E-07  0.21923389E-05  0.42151280E-04  0.30500562E-03  0.94124202E-03  0.13363284E-02  0.12901819E-02  0.14739439E-02  0.23713368E-01  0.97085117E+00  0.42151280E-04  0.21923389E-05  0.37922042E-07
  0.37922042E-07  0.21923389E-05  0.42151280E-04  0.30500562E-03  0.94124202E-03  0.13363284E-02  0.12899655E-02  0.13370320E-02  0.12031862E-02  0.30075351E-01  0.96346528E+00  0.21923389E-05  0.37922042E-07
  0.37922042E-07  0.21923389E-05  0.42151280E-04  0.30500562E-03  0.94124202E-03  0.13363284E-02  0.12899650E-02  0.13363301E-02  0.94290551E-03  0.73038368E-03  0.36751321E-01  0.95632210E+00  0.37922042E-07
  0.37922042E-07  0.21923389E-05  0.42151280E-04  0.30500562E-03  0.94124202E-03  0.13363284E-02  0.12899650E-02  0.13363284E-02  0.94124676E-03  0.30823629E-03  0.66944902E-03  0.43580427E-01  0.94924739E+00
