  0.98706295E+00  0.11297612E-01  0.10677612E-04  0.76986101E-04  0.23663825E-03  0.33466756E-03  0.32092739E-03  0.33466756E-03  0.23663825E-03  0.76986101E-04  0.10677612E-04  0.55713432E-06  0.96664817E-08
  0.96664817E-08  0.98889696E+00  0.94742704E-02  0.76986101E-04  0.23663825E-03  0.33466756E-03  0.32092739E-03  0.33466756E-03  0.23663825E-03  0.76986101E-04  0.10677612E-04  0.55713432E-06  0.96664817E-08
  0.96664817E-08  0.55713432E-06  0.99073829E+00  0.77093749E-02  0.23663825E-03  0.33466756E-03  0.32092739E-03  0.33466756E-03  0.23663825E-03  0.76986101E-04  0.10677612E-04  0.55713432E-06  0.96664817E-08
  0.96664817E-08  0.55713432E-06  0.10677612E-04  0.99263077E+00  0.60428551E-02  0.33466756E-03  0.32092739E-03  0.33466756E-03  0.23663825E-03  0.76986101E-04  0.10677612E-04  0.55713432E-06  0.96664817E-08
  0.96664817E-08  0.55713432E-06  0.10677612E-04  0.76986101E-04  0.99460107E+00  0.43302390E-02  0.32092739E-03  0.33466756E-03  0.23663825E-03  0.76986101E-04  0.10677612E-04  0.55713432E-06  0.96664817E-08
  0.96664817E-08  0.55713432E-06  0.10677612E-04  0.76986101E-04  0.23663825E-03  0.99634717E+00  0.26684275E-02  0.33466756E-03  0.23663825E-03  0.76986101E-04  0.10677612E-04  0.55713432E-06  0.96664817E-08
  0.96664817E-08  0.55713432E-06  0.10677612E-04  0.76986101E-04  0.23663825E-03  0.33466756E-03  0.99868093E+00  0.33466756E-03  0.23663825E-03  0.76986101E-04  0.10677612E-04  0.55713432E-06  0.96664817E-08
  0.96664817E-08  0.55713432E-06  0.10677612E-04  0.76986101E-04  0.23663825E-03  0.33466756E-03  0.26684275E-02  0.99634717E+00  0.23663825E-03  0.76986101E-04  0.10677612E-04  0.55713432E-06  0.96664817E-08
  0.96664817E-08  0.55713432E-06  0.10677612E-04  0.76986101E-04  0.23663825E-03  0.33466756E-03  0.32092739E-03  0.43302390E-02  0.99460107E+00  0.76986101E-04  0.10677612E-04  0.55713432E-06  0.96664817E-08
  0.96664817E-08  0.55713432E-06  0.10677612E-04  0.76986101E-04  0.23663825E-03  0.33466756E-03  0.32092739E-03  0.33466756E-03  0.60428551E-02  0.99263077E+00  0.10677612E-04  0.55713432E-06  0.96664817E-08
  0.96664817E-08  0.55713432E-06  0.10677612E-04  0.76986101E-04  0.23663825E-03  0.33466756E-03  0.32092739E-03  0.33466756E-03  0.23663825E-03  0.77093749E-02  0.99073829E+00  0.55713432E-06  0.96664817E-08
  0.96664817E-08  0.55713432E-06  0.10677612E-04  0.76986101E-04  0.23663825E-03  0.33466756E-03  0.32092739E-03  0.33466756E-03  0.23663825E-03  0.76986101E-04  0.94742704E-02  0.98889696E+00  0.96664817E-08
  0.96664817E-08  0.55713432E-06  0.10677612E-04  0.76986101E-04  0.23663825E-03  0.33466756E-03  0.32092739E-03  0.33466756E-03  0.23663825E-03  0.76986101E-04  0.10677612E-04  0.11297612E-01  0.98706295E+00
