  0.22192122E-07
  0.15128393E-05
  0.70280912E-06
  0.35745784E-04
  0.47910573E-04
  0.22192122E-07
  0.34371310E-03
  0.11320442E-02
  0.15128393E-05
  0.16012539E-02
  0.10885156E-01
  0.35745784E-04
  0.40972438E-02
  0.50710600E-01
  0.17541658E-01
  0.34371310E-03
  0.40972438E-02
  0.12975687E+00
  0.16012539E-02
  0.55553215E+00
  0.16012539E-02
  0.12975687E+00
  0.40972438E-02
  0.34371310E-03
  0.17541658E-01
  0.50710600E-01
  0.40972438E-02
  0.35745784E-04
  0.10885156E-01
  0.16012539E-02
  0.15128393E-05
  0.11320442E-02
  0.34371310E-03
  0.22192122E-07
  0.47910573E-04
  0.35745784E-04
  0.70280912E-06
  0.15128393E-05
  0.22192122E-07
