 -0.91530731E+01
 -0.76027267E+01
 -0.74608508E+01
 -0.61365912E+01
 -0.59105045E+01
 -0.57686285E+01
 -0.47696330E+01
 -0.44443690E+01
 -0.42182822E+01
 -0.35254112E+01
 -0.30774108E+01
 -0.27521467E+01
 -0.24483660E+01
 -0.18331889E+01
 -0.16922223E+01
 -0.13851885E+01
 -0.93607859E+00
 -0.75614368E+00
 -0.14096662E+00
  0.00000000E+00
  0.14096662E+00
  0.75614368E+00
  0.93607859E+00
  0.13851885E+01
  0.16922223E+01
  0.18331889E+01
  0.24483660E+01
  0.27521467E+01
  0.30774108E+01
  0.35254112E+01
  0.42182822E+01
  0.44443690E+01
  0.47696330E+01
  0.57686285E+01
  0.59105045E+01
  0.61365912E+01
  0.74608508E+01
  0.76027267E+01
  0.91530731E+01
